10 0.2765625 0.1671875 0.05859375 0.109375
7 0.44453125 0.43125 0.06015625 0.13984375
8 0.16640625 0.30625 0.0765625 0.20546875
11 0.346875 0.15078125 0.06328125 0.17890625
12 0.43671875 0.340625 0.06015625 0.128125
9 0.4515625 0.6484375 0.0671875 0.15546875
10 0.25859375 0.33671875 0.05625 0.11875
10 0.3546875 0.56015625 0.059375 0.12265625
6 0.27109375 0.06953125 0.0578125 0.1265625
3 0.2453125 0.6453125 0.06875 0.15859375
2 0.7703125 0.30078125 0.0890625 0.20625
4 0.5421875 0.66484375 0.05703125 0.11953125
4 0.58984375 0.3515625 0.04921875 0.1140625
4 0.60703125 0.53984375 0.05625 0.125