7 0.44140625 0.43125 0.06171875 0.146875
12 0.43671875 0.3375 0.065625 0.13515625
11 0.34765625 0.14609375 0.06796875 0.1796875
9 0.45546875 0.64765625 0.075 0.146875
10 0.35703125 0.5609375 0.05546875 0.128125
10 0.27734375 0.1703125 0.04921875 0.10625
10 0.25859375 0.33671875 0.0609375 0.1140625
8 0.1640625 0.30390625 0.08046875 0.2109375
6 0.27265625 0.0703125 0.05703125 0.1296875
3 0.23671875 0.640625 0.0828125 0.1625
2 0.7703125 0.3 0.084375 0.2
4 0.5890625 0.34609375 0.053125 0.11171875
4 0.42890625 0.5375 0.05546875 0.11640625
4 0.5421875 0.66640625 0.05859375 0.11484375