2 0.76875 0.3015625 0.084375 0.20234375
12 0.43359375 0.3375 0.0640625 0.1375
9 0.35234375 0.42578125 0.065625 0.14765625
7 0.44140625 0.43203125 0.05859375 0.15546875
11 0.34765625 0.1453125 0.06796875 0.178125
8 0.1671875 0.303125 0.0796875 0.21484375
10 0.27421875 0.16796875 0.0578125 0.10546875
10 0.259375 0.3390625 0.05546875 0.11484375
10 0.3546875 0.5609375 0.05703125 0.1203125
6 0.271875 0.07109375 0.0625 0.13203125
4 0.59140625 0.34609375 0.053125 0.11875
4 0.42890625 0.54140625 0.05859375 0.11015625
4 0.54296875 0.665625 0.06015625 0.11875