5 0.7828125 0.29609375 0.0671875 0.1546875
2 0.7875 0.36953125 0.06953125 0.18671875
1 0.709375 0.615625 0.05390625 0.13828125
1 0.7515625 0.2109375 0.05 0.134375
12 0.83828125 0.7328125 0.07265625 0.13828125
12 0.740625 0.06796875 0.0484375 0.11640625
3 0.440625 0.39453125 0.05625 0.13046875
3 0.590625 0.13046875 0.046875 0.13046875
4 0.66484375 0.146875 0.0390625 0.08359375
4 0.6578125 0.06015625 0.0421875 0.09609375
4 0.70859375 0.50859375 0.04765625 0.0984375
4 0.696875 0.403125 0.046875 0.10078125
4 0.67421875 0.22578125 0.0421875 0.10078125
4 0.51640625 0.3015625 0.0390625 0.10390625
4 0.615625 0.61640625 0.04921875 0.1078125
4 0.64375 0.73984375 0.05234375 0.1140625
12 0.20625 0.053125 0.053125 0.10625
12 0.253125 0.7421875 0.06640625 0.1328125
8 0.171875 0.36328125 0.0734375 0.1953125
11 0.18515625 0.27734375 0.07265625 0.16640625
7 0.159375 0.4890625 0.06171875 0.13828125
7 0.36171875 0.0546875 0.05 0.109375
9 0.3640625 0.19765625 0.0546875 0.13359375
9 0.16796875 0.60078125 0.0703125 0.13828125
10 0.4484375 0.7359375 0.053125 0.10703125
10 0.26484375 0.51015625 0.04609375 0.0984375
10 0.26328125 0.61484375 0.05703125 0.10546875
10 0.27578125 0.41015625 0.04609375 0.103125
10 0.43671875 0.3015625 0.04375 0.096875
10 0.42890625 0.1421875 0.04375 0.09453125
10 0.28125 0.221875 0.04375 0.10234375
10 0.28515625 0.06015625 0.04453125 0.10234375