8 0.1609375 0.40546875 0.075 0.2046875
12 0.19609375 0.08984375 0.05859375 0.1265625
7 0.1859375 0.15 0.059375 0.1484375
7 0.14375 0.66640625 0.07421875 0.14296875
9 0.16328125 0.54609375 0.06171875 0.13984375
9 0.34921875 0.32734375 0.05390625 0.13359375
11 0.34375 0.1484375 0.0640625 0.17578125
10 0.4140625 0.0859375 0.04921875 0.109375
10 0.415625 0.246875 0.05 0.10625
10 0.2734375 0.16640625 0.0484375 0.10859375
10 0.26015625 0.3390625 0.05078125 0.1078125
10 0.2609375 0.43984375 0.05703125 0.11015625
10 0.246875 0.66640625 0.06328125 0.11484375
5 0.51953125 0.4203125 0.0625 0.18671875
1 0.35859375 0.54375 0.0609375 0.14765625
3 0.59375 0.3359375 0.06015625 0.14375
3 0.63671875 0.653125 0.065625 0.1640625
2 0.771875 0.2953125 0.07890625 0.19765625
1 0.65 0.08515625 0.05390625 0.13828125
6 0.73203125 0.0859375 0.05546875 0.1265625
6 0.80546875 0.53984375 0.06953125 0.14375
4 0.74140625 0.784375 0.06015625 0.11328125
4 0.68359375 0.3453125 0.05 0.10625
4 0.5765625 0.1765625 0.04921875 0.11171875
4 0.51328125 0.2625 0.04765625 0.10703125
4 0.60625 0.5359375 0.05234375 0.11484375
4 0.540625 0.66796875 0.05234375 0.11875