6 0.85078125 0.78359375 0.071875 0.13203125
6 0.73359375 0.08203125 0.053125 0.10859375
5 0.70625 0.41328125 0.06328125 0.16953125
2 0.771875 0.29921875 0.078125 0.19296875
3 0.81640625 0.54375 0.0703125 0.13125
3 0.60703125 0.34140625 0.059375 0.13359375
1 0.7421875 0.15703125 0.05546875 0.134375
1 0.5203125 0.33125 0.04765625 0.1359375
4 0.74375 0.78671875 0.05859375 0.11328125
4 0.6828125 0.34375 0.04453125 0.103125
4 0.57578125 0.17734375 0.04453125 0.10859375
4 0.5078125 0.0890625 0.0421875 0.10078125
4 0.51328125 0.26328125 0.0421875 0.103125
4 0.53203125 0.446875 0.0453125 0.1046875
4 0.6 0.54609375 0.046875 0.1109375
4 0.54375 0.66875 0.0515625 0.1203125
8 0.16484375 0.4046875 0.07421875 0.19375
9 0.35234375 0.33125 0.05703125 0.13515625
9 0.1609375 0.546875 0.06796875 0.13203125
12 0.3484375 0.77890625 0.065625 0.13984375
12 0.19921875 0.090625 0.05 0.11953125
7 0.18671875 0.15234375 0.05390625 0.1421875
7 0.14453125 0.66640625 0.0609375 0.140625
11 0.27578125 0.22109375 0.0671875 0.16484375
10 0.27421875 0.16796875 0.040625 0.1046875
10 0.26171875 0.3375 0.04375 0.10234375
10 0.4140625 0.08515625 0.04296875 0.10390625
10 0.4171875 0.24609375 0.04609375 0.10625
10 0.26015625 0.4390625 0.04921875 0.103125
10 0.24765625 0.66875 0.053125 0.10859375
10 0.4484375 0.7890625 0.05390625 0.115625
10 0.43046875 0.56015625 0.04921875 0.11015625