2 0.76875 0.29765625 0.084375 0.215625
6 0.56953125 0.08671875 0.0578125 0.1328125
1 0.509375 0.23203125 0.06796875 0.15546875
4 0.68203125 0.3421875 0.05390625 0.115625
4 0.6078125 0.540625 0.05859375 0.121875
4 0.54375 0.6625 0.059375 0.128125
4 0.41875 0.18125 0.0578125 0.11875
3 0.34921875 0.43828125 0.07109375 0.153125
3 0.2421875 0.63828125 0.075 0.16171875
9 0.23359375 0.784375 0.0765625 0.15390625
12 0.196875 0.090625 0.06484375 0.1296875
11 0.34609375 0.14765625 0.065625 0.17890625
8 0.1640625 0.3046875 0.08515625 0.203125
7 0.4390625 0.42734375 0.0625 0.15859375
10 0.34921875 0.32734375 0.05234375 0.11328125
10 0.275 0.16640625 0.05625 0.11015625
10 0.2609375 0.33671875 0.059375 0.1203125
10 0.353125 0.5625 0.06796875 0.125