3 0.58984375 0.1328125 0.05390625 0.12734375
3 0.44140625 0.39140625 0.05390625 0.140625
1 0.71015625 0.61484375 0.0625 0.134375
1 0.75859375 0.2203125 0.05390625 0.13515625
2 0.790625 0.36953125 0.07421875 0.1984375
6 0.83828125 0.7328125 0.07421875 0.1453125
6 0.5875 0.0625 0.04921875 0.11484375
5 0.59921875 0.29296875 0.05703125 0.16640625
4 0.66328125 0.14375 0.04375 0.09453125
4 0.675 0.23125 0.0453125 0.10078125
4 0.7078125 0.50625 0.053125 0.0984375
4 0.69921875 0.4015625 0.04609375 0.10078125
4 0.6171875 0.61796875 0.053125 0.1125
4 0.64453125 0.74140625 0.05078125 0.11328125
4 0.51796875 0.065625 0.04296875 0.09609375
4 0.515625 0.303125 0.04296875 0.0984375
7 0.36171875 0.05390625 0.05234375 0.1078125
8 0.17265625 0.365625 0.07265625 0.196875
7 0.15703125 0.48671875 0.0609375 0.13359375
11 0.1875 0.27890625 0.07109375 0.17421875
12 0.2546875 0.74296875 0.06640625 0.13984375
12 0.2078125 0.0546875 0.05625 0.109375
9 0.16484375 0.596875 0.0703125 0.14296875
9 0.3625 0.19765625 0.0515625 0.13046875
10 0.4359375 0.303125 0.04765625 0.10234375
10 0.428125 0.140625 0.0484375 0.10546875
10 0.284375 0.05703125 0.04375 0.10625
10 0.28203125 0.221875 0.04453125 0.10234375
10 0.27421875 0.40859375 0.05 0.0984375
10 0.265625 0.5140625 0.0515625 0.096875
10 0.26328125 0.6140625 0.0515625 0.10546875
10 0.446875 0.73125 0.05234375 0.1046875