12 0.19765625 0.08671875 0.06953125 0.12734375
12 0.19765625 0.08671875 0.06953125 0.12734375
8 0.1640625 0.4046875 0.08828125 0.2234375
11 0.3453125 0.146875 0.06796875 0.1828125
7 0.184375 0.1515625 0.06015625 0.14765625
7 0.35703125 0.42734375 0.0671875 0.15
9 0.2328125 0.78671875 0.084375 0.16953125
10 0.27265625 0.1671875 0.04765625 0.12109375
10 0.25859375 0.3390625 0.05546875 0.11015625
10 0.25703125 0.4375 0.05703125 0.12109375
10 0.35703125 0.5640625 0.0625 0.11953125
2 0.7703125 0.303125 0.08515625 0.21328125
3 0.440625 0.78203125 0.07578125 0.16015625
1 0.59921875 0.159375 0.05 0.13984375
3 0.4390625 0.24609375 0.06328125 0.1390625
6 0.57109375 0.0828125 0.05390625 0.128125
6 0.503125 0.1625 0.059375 0.13203125
4 0.41796875 0.18046875 0.04765625 0.10859375
4 0.74453125 0.78125 0.065625 0.11875
4 0.684375 0.3453125 0.05078125 0.1078125
4 0.60625 0.540625 0.053125 0.11484375
4 0.54375 0.66484375 0.05703125 0.1171875