8 0.175 0.36484375 0.065625 0.19453125
2 0.7890625 0.36953125 0.071875 0.18984375
11 0.18984375 0.27734375 0.06328125 0.1703125
5 0.78359375 0.29765625 0.06953125 0.1625
9 0.1671875 0.60234375 0.0703125 0.13515625
3 0.44453125 0.39140625 0.0546875 0.134375
3 0.58984375 0.13046875 0.04765625 0.134375
7 0.1609375 0.490625 0.05703125 0.1328125
9 0.36640625 0.19609375 0.04765625 0.1328125
12 0.25546875 0.74296875 0.0609375 0.13203125
7 0.19375 0.203125 0.05 0.13125
1 0.75078125 0.21171875 0.04609375 0.13046875
1 0.709375 0.61328125 0.05703125 0.13046875
1 0.84140625 0.7328125 0.0703125 0.125
1 0.7421875 0.06484375 0.04765625 0.10859375
10 0.45 0.740625 0.05 0.1078125
4 0.61953125 0.61484375 0.0515625 0.10625
4 0.6453125 0.73984375 0.04921875 0.10546875
10 0.2625 0.515625 0.05703125 0.10390625
12 0.20859375 0.05234375 0.04765625 0.10390625
10 0.2625 0.61640625 0.05859375 0.103125
10 0.2734375 0.409375 0.0578125 0.1015625
10 0.2859375 0.05859375 0.0421875 0.1015625
10 0.2828125 0.22265625 0.04609375 0.1
4 0.70859375 0.5078125 0.05 0.09921875
4 0.5171875 0.29765625 0.0453125 0.0984375
4 0.67734375 0.2265625 0.0421875 0.0984375
10 0.4296875 0.13984375 0.04140625 0.0984375
10 0.2765625 0.309375 0.04609375 0.096875
4 0.66640625 0.14609375 0.04140625 0.09296875
4 0.66015625 0.06171875 0.0390625 0.09140625
4 0.70078125 0.4015625 0.04765625 0.10625