6 0.83984375 0.7296875 0.0765625 0.15703125
2 0.8078125 0.48828125 0.0875 0.20546875
5 0.5984375 0.29296875 0.06328125 0.1734375
4 0.67734375 0.2296875 0.0484375 0.11015625
4 0.69921875 0.403125 0.053125 0.10703125
4 0.6234375 0.503125 0.05546875 0.109375
4 0.52265625 0.06328125 0.03515625 0.09765625
4 0.5171875 0.30234375 0.04921875 0.103125
3 0.44296875 0.39375 0.06328125 0.13828125
9 0.509375 0.13515625 0.05234375 0.134375
7 0.44296875 0.59921875 0.05859375 0.1453125
8 0.2671875 0.3671875 0.075 0.19609375
11 0.3625 0.29140625 0.059375 0.18203125
9 0.35625 0.48828125 0.0625 0.1453125
12 0.2078125 0.0546875 0.053125 0.109375
10 0.284375 0.05546875 0.04765625 0.10078125
10 0.28515625 0.215625 0.05 0.1046875
10 0.4375 0.3 0.0453125 0.0984375
10 0.4453125 0.7359375 0.06015625 0.11015625
10 0.2625 0.6140625 0.0578125 0.109375
12 0.2546875 0.74296875 0.078125 0.13828125