1 0.740625 0.15703125 0.04921875 0.13046875
1 0.521875 0.3265625 0.0484375 0.13046875
5 0.7078125 0.41171875 0.0515625 0.165625
3 0.77109375 0.296875 0.071875 0.1875
6 0.85078125 0.78359375 0.0734375 0.13828125
6 0.7265625 0.08359375 0.05234375 0.11796875
3 0.81640625 0.54609375 0.071875 0.1359375
4 0.6828125 0.34296875 0.04296875 0.10234375
3 0.60625 0.34453125 0.059375 0.13671875
4 0.6546875 0.09296875 0.0421875 0.09921875
4 0.57734375 0.17734375 0.04375 0.10234375
4 0.5140625 0.2625 0.0421875 0.10390625
4 0.5296875 0.44765625 0.05078125 0.1046875
4 0.74375 0.7828125 0.05234375 0.1125
4 0.6 0.54609375 0.04765625 0.1078125
4 0.54296875 0.66640625 0.053125 0.11015625
9 0.3515625 0.328125 0.05703125 0.13125
12 0.34765625 0.77734375 0.0640625 0.13671875
12 0.1984375 0.09140625 0.0484375 0.11640625
7 0.18671875 0.15078125 0.05546875 0.14140625
7 0.1421875 0.6625 0.065625 0.14140625
8 0.16328125 0.40859375 0.07109375 0.19765625
10 0.41796875 0.24609375 0.04375 0.10234375
11 0.27421875 0.22109375 0.06796875 0.16640625
10 0.41328125 0.08671875 0.0421875 0.0984375
10 0.27265625 0.16328125 0.0421875 0.096875
10 0.26015625 0.3390625 0.0484375 0.10234375
10 0.2609375 0.4375 0.05234375 0.109375
10 0.2484375 0.6671875 0.046875 0.1015625
10 0.43125 0.55390625 0.0453125 0.115625
10 0.45 0.7890625 0.05625 0.10859375