6 0.5890625 0.06484375 0.05390625 0.1109375
6 0.84140625 0.7296875 0.0734375 0.1390625
2 0.784375 0.36640625 0.0890625 0.1984375
5 0.59609375 0.29375 0.06796875 0.17109375
4 0.665625 0.1421875 0.0453125 0.10546875
4 0.67734375 0.228125 0.04296875 0.10625
4 0.6984375 0.403125 0.05078125 0.10390625
4 0.7078125 0.5078125 0.04921875 0.10625
4 0.5140625 0.30078125 0.0484375 0.10234375
4 0.51875 0.06640625 0.0453125 0.103125
3 0.590625 0.13046875 0.046875 0.13046875
3 0.44140625 0.3953125 0.0625 0.14140625
7 0.2546875 0.7453125 0.06640625 0.1390625
7 0.1578125 0.4890625 0.0671875 0.13828125
12 0.2046875 0.0546875 0.0625 0.109375
8 0.171875 0.36484375 0.0765625 0.20234375
11 0.359375 0.296875 0.0765625 0.16796875
9 0.3640625 0.1921875 0.05234375 0.1359375
9 0.165625 0.60078125 0.0734375 0.1421875
10 0.4359375 0.30390625 0.04453125 0.1046875
10 0.2828125 0.05703125 0.04921875 0.1046875
10 0.28671875 0.215625 0.0515625 0.109375
10 0.26171875 0.615625 0.065625 0.11484375
10 0.44609375 0.7328125 0.06328125 0.11640625