2 0.7671875 0.29921875 0.07734375 0.20078125
6 0.8015625 0.53046875 0.07109375 0.134375
6 0.7328125 0.08515625 0.05390625 0.1265625
3 0.5953125 0.3359375 0.0578125 0.14140625
3 0.6390625 0.6546875 0.07109375 0.153125
4 0.73984375 0.7828125 0.06015625 0.115625
5 0.51953125 0.42421875 0.06640625 0.175
4 0.57734375 0.175 0.05 0.1125
4 0.684375 0.3453125 0.04765625 0.10859375
4 0.60546875 0.53984375 0.053125 0.11171875
4 0.54375 0.66640625 0.046875 0.11171875
4 0.51484375 0.26328125 0.04921875 0.10390625
1 0.6515625 0.0796875 0.05234375 0.13828125
1 0.359375 0.53828125 0.06171875 0.1484375
11 0.34609375 0.146875 0.0625 0.17421875
8 0.1640625 0.40546875 0.08515625 0.2046875
9 0.2375 0.7875 0.06953125 0.1546875
12 0.19609375 0.08671875 0.0515625 0.12578125
7 0.18828125 0.1484375 0.053125 0.14296875
7 0.14140625 0.66171875 0.0703125 0.15078125
9 0.3515625 0.3296875 0.0640625 0.1421875
10 0.4125 0.08515625 0.05078125 0.109375
10 0.41640625 0.24453125 0.0484375 0.11171875
10 0.2734375 0.16640625 0.04921875 0.10703125
10 0.25859375 0.3375 0.04921875 0.1046875
10 0.25859375 0.4390625 0.05546875 0.11484375
10 0.24921875 0.66484375 0.05390625 0.1125