1 0.59921875 0.15859375 0.05703125 0.14296875
2 0.76953125 0.2953125 0.0859375 0.2078125
6 0.51640625 0.2453125 0.0640625 0.12265625
3 0.43828125 0.24921875 0.0640625 0.13125
3 0.43984375 0.77890625 0.078125 0.15859375
4 0.7421875 0.78046875 0.065625 0.1328125
6 0.56875 0.08203125 0.06015625 0.128125
4 0.68203125 0.34140625 0.05703125 0.1109375
4 0.5421875 0.66640625 0.05546875 0.12109375
4 0.60703125 0.53671875 0.0609375 0.121875
4 0.4921875 0.1703125 0.05 0.11015625
4 0.41953125 0.17734375 0.04609375 0.115625
8 0.1640625 0.40859375 0.0828125 0.2078125
11 0.34609375 0.14453125 0.06171875 0.17734375
9 0.2359375 0.78828125 0.08203125 0.159375
12 0.1984375 0.0875 0.059375 0.1265625
7 0.18671875 0.15078125 0.05859375 0.146875
7 0.35625 0.42734375 0.0609375 0.14453125
10 0.4125 0.0859375 0.05 0.109375
10 0.2734375 0.165625 0.05234375 0.10625
10 0.26015625 0.340625 0.05390625 0.11328125
10 0.26015625 0.4390625 0.05703125 0.11875
10 0.3546875 0.56171875 0.05703125 0.1203125