5 0.78203125 0.2953125 0.06796875 0.15546875
2 0.78671875 0.36796875 0.071875 0.1859375
1 0.80859375 0.49375 0.05625 0.13046875
1 0.75390625 0.21171875 0.04765625 0.12578125
3 0.74296875 0.1375 0.05859375 0.11015625
3 0.8265625 0.6125 0.071875 0.11953125
6 0.7421875 0.065625 0.04609375 0.10234375
6 0.8390625 0.734375 0.0671875 0.12578125
4 0.7390625 0.7359375 0.0515625 0.1015625
4 0.72421875 0.61484375 0.04921875 0.1015625
4 0.71015625 0.50859375 0.04296875 0.09609375
4 0.6984375 0.40546875 0.04453125 0.09765625
4 0.6859375 0.30859375 0.0453125 0.09375
4 0.67578125 0.2265625 0.040625 0.09609375
4 0.665625 0.14609375 0.04140625 0.08828125
4 0.6609375 0.0640625 0.03984375 0.0921875
11 0.19140625 0.278125 0.06171875 0.16640625
8 0.17578125 0.36328125 0.0640625 0.190625
7 0.19375 0.2046875 0.0484375 0.13046875
7 0.16171875 0.48828125 0.05546875 0.13046875
9 0.21171875 0.12578125 0.05078125 0.1265625
9 0.1671875 0.60234375 0.065625 0.140625
12 0.14375 0.74609375 0.0625 0.13359375
12 0.2109375 0.0515625 0.04609375 0.10234375
10 0.2875 0.05625 0.03828125 0.09609375
10 0.28515625 0.1375 0.0421875 0.08828125
10 0.2828125 0.225 0.04140625 0.09765625
10 0.27734375 0.3078125 0.0484375 0.0984375
10 0.278125 0.409375 0.04765625 0.0984375
10 0.2640625 0.5140625 0.05390625 0.10234375
10 0.26484375 0.615625 0.05078125 0.10546875
10 0.253125 0.73984375 0.0546875 0.103125