6 0.840625 0.7296875 0.0765625 0.153125
4 0.51953125 0.06015625 0.05234375 0.10625
2 0.78984375 0.36953125 0.084375 0.2078125
5 0.596875 0.29140625 0.0671875 0.1796875
4 0.7 0.4046875 0.05859375 0.10078125
4 0.67578125 0.23046875 0.05625 0.09921875
4 0.6640625 0.14453125 0.0484375 0.1046875
4 0.51875 0.30234375 0.04609375 0.1078125
4 0.6265625 0.51484375 0.05625 0.11484375
3 0.43984375 0.3953125 0.0703125 0.14140625
7 0.44375 0.60234375 0.0671875 0.146875
11 0.36171875 0.29140625 0.06640625 0.1890625
9 0.509375 0.1375 0.0578125 0.146875
9 0.16640625 0.60390625 0.078125 0.14765625
8 0.17109375 0.3640625 0.07890625 0.2015625
12 0.2046875 0.05625 0.065625 0.1125
12 0.25546875 0.7421875 0.0765625 0.1390625
10 0.26328125 0.61640625 0.05859375 0.11640625
10 0.4390625 0.3015625 0.05390625 0.1078125
10 0.28515625 0.05625 0.0484375 0.10703125
10 0.28671875 0.221875 0.053125 0.09921875
10 0.4515625 0.734375 0.06328125 0.12109375