5 0.78828125 0.28828125 0.059375 0.14296875
2 0.79296875 0.36875 0.078125 0.1828125
1 0.76171875 0.215625 0.0515625 0.1265625
1 0.80390625 0.49921875 0.05859375 0.1265625
6 0.74609375 0.13359375 0.0546875 0.11484375
6 0.8265625 0.609375 0.07109375 0.13046875
6 0.74296875 0.06640625 0.0484375 0.10703125
6 0.8390625 0.734375 0.07421875 0.128125
4 0.659375 0.06484375 0.04140625 0.09375
4 0.66484375 0.14453125 0.04296875 0.0921875
4 0.675 0.225 0.0453125 0.09453125
4 0.68515625 0.30390625 0.0453125 0.10625
4 0.69921875 0.39921875 0.04140625 0.10234375
4 0.71171875 0.50234375 0.04375 0.10625
4 0.725 0.61328125 0.046875 0.10546875
4 0.7390625 0.734375 0.05234375 0.115625
11 0.18828125 0.27890625 0.06484375 0.16484375
8 0.175 0.3640625 0.06796875 0.190625
7 0.19296875 0.20390625 0.05234375 0.12890625
7 0.16015625 0.4859375 0.06015625 0.1375
9 0.2 0.12890625 0.0546875 0.11875
9 0.15625 0.6203125 0.06796875 0.13515625
12 0.14375 0.7453125 0.0671875 0.140625
12 0.20859375 0.053125 0.05078125 0.10625
10 0.28203125 0.05703125 0.046875 0.0875
10 0.28203125 0.13828125 0.04765625 0.09140625
10 0.28125 0.2234375 0.04609375 0.096875
10 0.2734375 0.309375 0.05625 0.0984375
10 0.2734375 0.4109375 0.05703125 0.1046875
10 0.26171875 0.5125 0.05859375 0.0953125
10 0.26171875 0.615625 0.0609375 0.10546875
10 0.25078125 0.73828125 0.0609375 0.10390625