10 0.27421875 0.16875 0.040625 0.09140625
4 0.6828125 0.34375 0.04296875 0.0984375
2 0.77109375 0.296875 0.07109375 0.2046875
4 0.51171875 0.259375 0.0421875 0.090625
10 0.26953125 0.1 0.053125 0.103125
4 0.575 0.17578125 0.0484375 0.09765625
1 0.7359375 0.1609375 0.0546875 0.12734375
11 0.27578125 0.2109375 0.0703125 0.128125
10 0.271875 0.33046875 0.05703125 0.1234375
4 0.65625 0.09609375 0.0421875 0.08984375
10 0.4140625 0.2484375 0.0453125 0.10625
8 0.16015625 0.409375 0.0703125 0.1796875
7 0.1875 0.16640625 0.065625 0.14921875
3 0.5140625 0.3421875 0.06171875 0.1265625
12 0.19296875 0.103125 0.065625 0.146875
10 0.43515625 0.55703125 0.059375 0.11015625
3 0.60078125 0.33125 0.05859375 0.13984375
5 0.709375 0.42578125 0.071875 0.1546875
4 0.54921875 0.65703125 0.05703125 0.10546875
10 0.24921875 0.665625 0.0515625 0.10390625
6 0.71953125 0.08515625 0.05234375 0.0984375
4 0.59921875 0.54375 0.053125 0.115625
6 0.84921875 0.77890625 0.071875 0.14296875
7 0.1359375 0.65859375 0.0703125 0.14140625
3 0.81328125 0.53984375 0.08046875 0.1234375
9 0.15703125 0.54375 0.07109375 0.146875
9 0.3484375 0.3265625 0.0609375 0.14140625
10 0.26171875 0.42734375 0.06171875 0.1265625
4 0.528125 0.453125 0.05390625 0.1109375
10 0.43984375 0.78046875 0.0625 0.11875
12 0.34921875 0.7796875 0.06953125 0.14375
4 0.746875 0.7765625 0.05546875 0.11328125