2 0.771875 0.2984375 0.07109375 0.1921875
5 0.7046875 0.42109375 0.06875 0.17890625
6 0.84609375 0.7828125 0.078125 0.134375
6 0.7328125 0.084375 0.05703125 0.11875
1 0.3578125 0.540625 0.0640625 0.14296875
1 0.65078125 0.07890625 0.05234375 0.14140625
3 0.60546875 0.34296875 0.05703125 0.1421875
3 0.64609375 0.6609375 0.06640625 0.134375
4 0.59765625 0.54609375 0.05859375 0.11484375
4 0.7390625 0.78515625 0.06171875 0.1125
4 0.6828125 0.34609375 0.04375 0.10703125
4 0.5765625 0.178125 0.0421875 0.10625
4 0.50703125 0.09140625 0.04765625 0.10390625
4 0.51484375 0.2640625 0.04609375 0.11015625
4 0.3546875 0.45234375 0.04609375 0.10546875
4 0.54296875 0.665625 0.05 0.11484375
12 0.196875 0.08984375 0.05078125 0.1171875
12 0.3453125 0.77890625 0.06484375 0.14296875
11 0.27421875 0.221875 0.0671875 0.16796875
8 0.16171875 0.40625 0.07265625 0.19140625
7 0.1859375 0.15234375 0.05546875 0.13828125
7 0.14296875 0.6640625 0.06796875 0.13828125
9 0.1625 0.546875 0.07421875 0.13359375
9 0.3515625 0.3296875 0.05703125 0.13046875
10 0.41796875 0.2453125 0.0484375 0.10859375
10 0.41171875 0.0859375 0.046875 0.1046875
10 0.2734375 0.16640625 0.0484375 0.0984375
10 0.26171875 0.340625 0.0484375 0.10703125
10 0.246875 0.66875 0.05703125 0.1140625
10 0.259375 0.4359375 0.05390625 0.1125
10 0.43125 0.55859375 0.04765625 0.11171875
10 0.4453125 0.7921875 0.05859375 0.1171875