6 0.7328125 0.0859375 0.05546875 0.121875
6 0.8484375 0.7828125 0.075 0.13671875
2 0.77265625 0.29921875 0.07265625 0.19609375
5 0.709375 0.41015625 0.065625 0.165625
4 0.6828125 0.34375 0.04140625 0.1046875
4 0.74375 0.78203125 0.05546875 0.11015625
3 0.81640625 0.54609375 0.071875 0.1265625
3 0.60703125 0.34140625 0.05546875 0.13828125
1 0.653125 0.08125 0.05 0.13515625
1 0.515625 0.334375 0.0609375 0.13828125
4 0.5078125 0.08984375 0.0421875 0.1
4 0.57734375 0.17578125 0.04296875 0.10234375
4 0.51484375 0.265625 0.046875 0.10546875
4 0.53359375 0.44453125 0.04453125 0.1046875
4 0.59921875 0.54609375 0.04765625 0.1109375
4 0.54296875 0.66640625 0.05390625 0.11484375
9 0.3515625 0.32890625 0.059375 0.1359375
9 0.16015625 0.5453125 0.07578125 0.13125
8 0.16484375 0.4078125 0.07109375 0.19296875
7 0.14296875 0.66484375 0.06640625 0.13828125
7 0.1875 0.15234375 0.05703125 0.13515625
12 0.1984375 0.0921875 0.0484375 0.12265625
12 0.346875 0.778125 0.0671875 0.13828125
10 0.24609375 0.66796875 0.053125 0.11015625
10 0.26015625 0.4375 0.05390625 0.1015625
10 0.26171875 0.34140625 0.05 0.10078125
11 0.27421875 0.221875 0.0703125 0.16484375
10 0.275 0.1640625 0.04140625 0.09375
10 0.4140625 0.08828125 0.04453125 0.10078125
10 0.41640625 0.24453125 0.04609375 0.10234375
10 0.4296875 0.559375 0.0515625 0.10859375
10 0.44765625 0.78828125 0.05703125 0.1140625