2 0.7671875 0.30078125 0.078125 0.2015625
3 0.59453125 0.33828125 0.05546875 0.14453125
3 0.440625 0.7796875 0.06640625 0.16015625
6 0.56953125 0.0796875 0.05625 0.12890625
6 0.52265625 0.43359375 0.0609375 0.13828125
4 0.7421875 0.78125 0.0625 0.1234375
4 0.6828125 0.3421875 0.05234375 0.11015625
4 0.6078125 0.53984375 0.05 0.11640625
4 0.5421875 0.66328125 0.05859375 0.11484375
4 0.515625 0.2640625 0.05390625 0.103125
4 0.4921875 0.171875 0.05 0.109375
1 0.59765625 0.159375 0.0515625 0.15
1 0.35390625 0.53828125 0.06796875 0.14921875
11 0.346875 0.14765625 0.0578125 0.17734375
9 0.23828125 0.7890625 0.0734375 0.1625
9 0.34921875 0.32421875 0.06015625 0.13515625
7 0.35703125 0.4296875 0.05625 0.13828125
7 0.18515625 0.15078125 0.06875 0.1421875
12 0.19765625 0.0921875 0.05625 0.12109375
8 0.1640625 0.40546875 0.078125 0.203125
10 0.4109375 0.0859375 0.05078125 0.109375
10 0.275 0.1671875 0.05078125 0.1046875
10 0.26015625 0.3375 0.04921875 0.1015625
10 0.259375 0.43515625 0.053125 0.1109375
10 0.24921875 0.66640625 0.05859375 0.115625