1 0.70859375 0.6140625 0.071875 0.1359375
2 0.78828125 0.36640625 0.08046875 0.20234375
5 0.59921875 0.29375 0.0609375 0.178125
6 0.83828125 0.7328125 0.08203125 0.134375
6 0.58828125 0.06484375 0.0484375 0.1171875
4 0.6640625 0.14296875 0.04453125 0.10625
4 0.67578125 0.22578125 0.04921875 0.10390625
4 0.70078125 0.403125 0.05390625 0.10703125
4 0.7078125 0.50625 0.053125 0.10859375
4 0.640625 0.740625 0.05703125 0.11875
4 0.51796875 0.06640625 0.0453125 0.10859375
4 0.5203125 0.30078125 0.04765625 0.1046875
3 0.58984375 0.13359375 0.05234375 0.13515625
3 0.44296875 0.3953125 0.05703125 0.14453125
11 0.36328125 0.2953125 0.065625 0.17109375
12 0.253125 0.7390625 0.0671875 0.13125
12 0.2046875 0.0546875 0.059375 0.109375
8 0.17109375 0.3625 0.07421875 0.19296875
7 0.1578125 0.4875 0.06328125 0.13671875
9 0.36484375 0.190625 0.05390625 0.1296875
9 0.1625 0.603125 0.07421875 0.14296875
10 0.43671875 0.30078125 0.04921875 0.10625
10 0.2859375 0.05859375 0.04921875 0.103125
10 0.28828125 0.2171875 0.04921875 0.10390625
10 0.2734375 0.40859375 0.06015625 0.1046875
10 0.26328125 0.5125 0.05625 0.103125
10 0.26328125 0.61640625 0.0578125 0.11015625
10 0.45 0.73828125 0.05546875 0.11875