9 0.4296875 0.15859375 0.059375 0.140625
9 0.234375 0.79140625 0.07890625 0.159375
8 0.1640625 0.409375 0.0859375 0.2140625
11 0.34375 0.1515625 0.06640625 0.175
12 0.19765625 0.08828125 0.0703125 0.13125
7 0.18671875 0.1515625 0.065625 0.146875
7 0.35546875 0.42578125 0.0640625 0.1484375
10 0.41171875 0.08359375 0.05703125 0.10546875
10 0.27265625 0.1640625 0.053125 0.10234375
10 0.25859375 0.3359375 0.05703125 0.11484375
10 0.2484375 0.66328125 0.0578125 0.11796875
10 0.26015625 0.43671875 0.05703125 0.11953125
2 0.76796875 0.29921875 0.084375 0.20703125
3 0.59765625 0.33671875 0.059375 0.15078125
3 0.440625 0.78203125 0.07109375 0.15390625
6 0.56875 0.07734375 0.05390625 0.1296875
6 0.52109375 0.4359375 0.0625 0.1390625
1 0.596875 0.159375 0.0484375 0.15
1 0.359375 0.54296875 0.0625 0.15
4 0.5140625 0.26484375 0.0484375 0.10859375
4 0.48984375 0.171875 0.05078125 0.10234375
4 0.6859375 0.34765625 0.05234375 0.1109375
4 0.74453125 0.78515625 0.059375 0.12109375
4 0.60625 0.540625 0.0515625 0.12734375
4 0.54296875 0.6625 0.0578125 0.1234375