1 0.596875 0.15703125 0.05234375 0.14609375
2 0.76953125 0.3 0.08203125 0.1953125
3 0.24375 0.640625 0.0703125 0.15703125
3 0.35078125 0.43359375 0.0671875 0.14921875
4 0.7421875 0.78828125 0.0609375 0.11796875
4 0.6859375 0.34453125 0.05390625 0.1125
4 0.60859375 0.53828125 0.0515625 0.11484375
4 0.54140625 0.6671875 0.059375 0.12265625
6 0.57109375 0.0796875 0.05234375 0.128125
6 0.51015625 0.34375 0.05703125 0.1265625
12 0.196875 0.08828125 0.05625 0.1234375
4 0.41875 0.1828125 0.0484375 0.1109375
8 0.16875 0.30703125 0.0828125 0.2015625
9 0.23671875 0.7890625 0.0828125 0.1546875
7 0.18671875 0.1453125 0.06484375 0.15859375
11 0.3484375 0.1484375 0.06328125 0.18515625
10 0.2734375 0.16640625 0.0515625 0.10859375
10 0.259375 0.33984375 0.05390625 0.11484375
10 0.26015625 0.43671875 0.0578125 0.1125
10 0.35625 0.5625 0.0578125 0.11640625