5 0.52109375 0.42109375 0.06484375 0.18515625
3 0.59453125 0.33359375 0.05390625 0.14609375
3 0.6390625 0.65625 0.06953125 0.1546875
2 0.76796875 0.30078125 0.07890625 0.19609375
6 0.73359375 0.0859375 0.05625 0.1265625
6 0.84765625 0.78359375 0.07890625 0.13984375
4 0.74375 0.7828125 0.06328125 0.12265625
4 0.68203125 0.34375 0.053125 0.11484375
4 0.575 0.17578125 0.04453125 0.10546875
4 0.6078125 0.53984375 0.05390625 0.10703125
4 0.5421875 0.66328125 0.05703125 0.1140625
4 0.51328125 0.265625 0.0484375 0.11640625
1 0.65390625 0.08125 0.053125 0.14140625
1 0.35703125 0.53828125 0.06015625 0.14765625
12 0.19765625 0.0859375 0.05625 0.128125
8 0.1640625 0.4015625 0.07265625 0.19765625
9 0.34921875 0.33046875 0.06015625 0.13828125
9 0.1625 0.54609375 0.07265625 0.14140625
7 0.1875 0.15078125 0.05859375 0.140625
7 0.14375 0.659375 0.0671875 0.140625
11 0.27265625 0.22109375 0.0734375 0.16171875
10 0.2734375 0.165625 0.04921875 0.1
10 0.4125 0.08671875 0.04921875 0.10234375
10 0.41796875 0.24921875 0.0453125 0.10625
10 0.259375 0.3390625 0.046875 0.10625
10 0.25859375 0.43984375 0.05390625 0.11015625
10 0.2515625 0.66796875 0.05703125 0.11640625