2 0.7671875 0.2984375 0.08203125 0.20703125
6 0.73125 0.08515625 0.0578125 0.125
6 0.80390625 0.53203125 0.071875 0.1328125
1 0.63671875 0.65859375 0.06640625 0.15625
1 0.5953125 0.33515625 0.05859375 0.140625
5 0.52109375 0.42421875 0.065625 0.18046875
4 0.51328125 0.26484375 0.0453125 0.109375
4 0.7421875 0.7828125 0.05859375 0.11953125
4 0.68359375 0.34296875 0.0515625 0.11171875
4 0.60625 0.5421875 0.05859375 0.11484375
4 0.540625 0.6671875 0.059375 0.115625
4 0.4890625 0.175 0.053125 0.10234375
1 0.59765625 0.1578125 0.06328125 0.1484375
1 0.35859375 0.53828125 0.06953125 0.14140625
11 0.3453125 0.1484375 0.065625 0.1796875
12 0.19765625 0.08671875 0.05859375 0.1203125
9 0.23828125 0.7921875 0.07890625 0.14921875
9 0.35 0.32578125 0.059375 0.13359375
7 0.35625 0.42734375 0.05390625 0.1328125
7 0.1875 0.1515625 0.05859375 0.1390625
8 0.165625 0.409375 0.084375 0.20703125
10 0.4140625 0.0890625 0.04375 0.1109375
10 0.4171875 0.24765625 0.0484375 0.11171875
10 0.2734375 0.16875 0.05 0.1078125
10 0.2609375 0.3390625 0.0515625 0.1125
10 0.259375 0.43828125 0.053125 0.11484375
10 0.25 0.6671875 0.0578125 0.11875