10 0.25 0.66640625 0.05546875 0.11328125
4 0.54296875 0.6671875 0.05078125 0.1125
3 0.44140625 0.77890625 0.0671875 0.15390625
4 0.7421875 0.784375 0.0609375 0.11484375
9 0.23515625 0.7859375 0.071875 0.15625
6 0.57109375 0.08046875 0.0515625 0.12265625
10 0.4140625 0.08359375 0.04609375 0.10859375
12 0.196875 0.090625 0.06015625 0.1265625
11 0.3453125 0.14609375 0.06328125 0.17421875
7 0.1859375 0.15078125 0.065625 0.13828125
1 0.5984375 0.1609375 0.05078125 0.146875
10 0.2734375 0.16484375 0.04765625 0.11484375
4 0.48984375 0.17265625 0.04296875 0.1015625
4 0.51484375 0.2640625 0.0421875 0.10625
2 0.76875 0.29296875 0.08046875 0.1984375
9 0.35234375 0.325 0.06015625 0.134375
3 0.5953125 0.3359375 0.0578125 0.1421875
10 0.26015625 0.33828125 0.05234375 0.109375
4 0.6859375 0.340625 0.04765625 0.11015625
8 0.16171875 0.4078125 0.078125 0.1984375
7 0.35625 0.4234375 0.0515625 0.13203125
6 0.78984375 0.4359375 0.0703125 0.1296875
10 0.26015625 0.4375 0.06015625 0.10703125
4 0.6078125 0.53828125 0.053125 0.11484375
1 0.3578125 0.5390625 0.05546875 0.14296875