11 0.2734375 0.22109375 0.07265625 0.16484375
2 0.7703125 0.2984375 0.0765625 0.190625
1 0.6515625 0.078125 0.053125 0.13828125
6 0.73125 0.08515625 0.05390625 0.11640625
4 0.684375 0.34375 0.04921875 0.10078125
6 0.84765625 0.78359375 0.07890625 0.13515625
4 0.74140625 0.78671875 0.0609375 0.109375
3 0.6484375 0.6625 0.0671875 0.13203125
3 0.6078125 0.34296875 0.053125 0.13359375
5 0.51953125 0.41953125 0.06328125 0.175
4 0.540625 0.66875 0.05546875 0.1109375
4 0.5984375 0.54609375 0.04921875 0.11015625
4 0.5765625 0.175 0.04296875 0.09921875
4 0.5078125 0.090625 0.03671875 0.10234375
4 0.51328125 0.2625 0.04609375 0.10234375
4 0.3578125 0.4515625 0.04609375 0.10703125
1 0.359375 0.53828125 0.05625 0.13828125
8 0.16171875 0.40625 0.0703125 0.19453125
12 0.196875 0.0875 0.0515625 0.11953125
9 0.3515625 0.3296875 0.059375 0.12890625
9 0.16015625 0.54609375 0.06953125 0.1328125
7 0.1859375 0.15078125 0.053125 0.13984375
7 0.1421875 0.6625 0.0671875 0.13828125
10 0.27265625 0.16484375 0.04296875 0.0921875
10 0.259375 0.33515625 0.05078125 0.10078125
10 0.2453125 0.66796875 0.05703125 0.11484375
10 0.259375 0.4375 0.05078125 0.10546875
10 0.4140625 0.08671875 0.04375 0.10078125
10 0.4171875 0.2453125 0.04453125 0.10546875
10 0.43203125 0.5578125 0.04765625 0.10703125