2 0.7359375 0.59921875 0.0859375 0.20625
6 0.8515625 0.7453125 0.07890625 0.14921875
3 0.45625 0.3859375 0.0765625 0.13828125
5 0.61484375 0.2921875 0.06640625 0.184375
4 0.69453125 0.22421875 0.05390625 0.11796875
4 0.53671875 0.3 0.05 0.11015625
4 0.63828125 0.51015625 0.05 0.11484375
12 0.65703125 0.72109375 0.07109375 0.14453125
9 0.52890625 0.12890625 0.0625 0.14296875
8 0.2875 0.3578125 0.07421875 0.203125
12 0.23125 0.046875 0.059375 0.09375
11 0.37890625 0.28046875 0.05625 0.178125
10 0.4546875 0.2953125 0.05625 0.11875
10 0.30546875 0.05 0.05234375 0.09921875
10 0.3046875 0.20234375 0.05234375 0.11171875
10 0.2765625 0.6 0.0578125 0.11171875