9 0.24453125 0.6421875 0.06953125 0.16015625
2 0.76875 0.303125 0.08203125 0.203125
6 0.571875 0.08203125 0.05703125 0.13125
1 0.50625 0.23125 0.05859375 0.146875
4 0.41953125 0.18046875 0.05 0.10625
4 0.684375 0.34765625 0.04609375 0.1125
4 0.60625 0.5390625 0.05390625 0.12109375
4 0.5421875 0.66640625 0.05546875 0.1171875
9 0.45234375 0.646875 0.07109375 0.15546875
7 0.440625 0.42890625 0.06015625 0.15546875
8 0.1640625 0.30234375 0.07578125 0.2078125
12 0.43359375 0.078125 0.05546875 0.128125
11 0.3453125 0.1484375 0.059375 0.17734375
10 0.27265625 0.16796875 0.0515625 0.109375
10 0.259375 0.34140625 0.06015625 0.11015625
10 0.3484375 0.33125 0.0546875 0.11484375
10 0.35625 0.5578125 0.05625 0.12578125