6 0.840625 0.7328125 0.07421875 0.13671875
2 0.80625 0.49140625 0.09140625 0.19609375
5 0.59765625 0.2921875 0.06171875 0.1765625
3 0.43828125 0.39453125 0.06640625 0.13671875
4 0.6984375 0.40546875 0.05 0.10625
4 0.6765625 0.2265625 0.04609375 0.10625
4 0.62109375 0.5046875 0.05234375 0.11640625
4 0.5171875 0.30625 0.0421875 0.11015625
4 0.36328125 0.0625 0.04453125 0.11171875
11 0.36328125 0.29140625 0.059375 0.17421875
8 0.26875 0.36953125 0.07578125 0.1984375
9 0.35703125 0.49140625 0.05703125 0.15
7 0.440625 0.60234375 0.06328125 0.15078125
9 0.5078125 0.1328125 0.05546875 0.14296875
12 0.64296875 0.72109375 0.0734375 0.14765625
12 0.2078125 0.0546875 0.05625 0.109375
10 0.434375 0.3046875 0.04921875 0.10390625
10 0.28359375 0.05859375 0.05 0.096875
10 0.28671875 0.215625 0.05078125 0.103125
10 0.26328125 0.6125 0.06015625 0.11640625