9 0.2375 0.7890625 0.0890625 0.16015625
7 0.4390625 0.42890625 0.06640625 0.15859375
11 0.34765625 0.1484375 0.06171875 0.18359375
8 0.16484375 0.3015625 0.0796875 0.22265625
12 0.19453125 0.0890625 0.0609375 0.13125
10 0.27421875 0.171875 0.053125 0.11015625
10 0.2546875 0.3375 0.05703125 0.109375
10 0.259375 0.4359375 0.0609375 0.11171875
10 0.35390625 0.55625 0.06484375 0.12265625
2 0.7671875 0.296875 0.08828125 0.21484375
6 0.571875 0.0875 0.053125 0.1265625
6 0.35078125 0.34296875 0.0625 0.13671875
3 0.346875 0.43671875 0.06796875 0.15
3 0.2453125 0.640625 0.06640625 0.16171875
1 0.50859375 0.23671875 0.06015625 0.15546875
4 0.415625 0.18046875 0.0515625 0.10859375
4 0.684375 0.34140625 0.0515625 0.10546875
4 0.6078125 0.53828125 0.05703125 0.12265625
4 0.54453125 0.6671875 0.05859375 0.11796875