5 0.78359375 0.296875 0.0734375 0.1625
2 0.7890625 0.36953125 0.07734375 0.1890625
1 0.7625 0.21484375 0.05234375 0.12890625
1 0.8046875 0.49765625 0.059375 0.12890625
3 0.746875 0.13671875 0.05546875 0.11875
3 0.8265625 0.61328125 0.07265625 0.1234375
6 0.7421875 0.0671875 0.04921875 0.10234375
6 0.840625 0.7328125 0.06953125 0.12265625
4 0.7390625 0.7359375 0.05078125 0.10234375
4 0.72421875 0.61484375 0.0515625 0.09765625
4 0.71171875 0.51015625 0.05 0.09609375
4 0.69921875 0.4046875 0.04453125 0.0953125
4 0.6859375 0.3078125 0.04375 0.0953125
4 0.67421875 0.22734375 0.0453125 0.09453125
4 0.66640625 0.14609375 0.04140625 0.0921875
4 0.6609375 0.0609375 0.03828125 0.09765625
11 0.18984375 0.278125 0.06328125 0.16640625
8 0.17421875 0.36484375 0.0671875 0.19296875
7 0.1921875 0.20390625 0.05 0.12890625
7 0.159375 0.48984375 0.059375 0.1375
9 0.19921875 0.12890625 0.05625 0.121875
9 0.15703125 0.62265625 0.06640625 0.13203125
12 0.20859375 0.053125 0.04921875 0.10625
12 0.140625 0.7484375 0.07109375 0.1359375
10 0.28203125 0.05859375 0.04453125 0.0890625
10 0.28203125 0.1390625 0.0453125 0.090625
10 0.28125 0.22421875 0.04296875 0.096875
10 0.27578125 0.3078125 0.05 0.09765625
10 0.2734375 0.409375 0.05390625 0.10078125
10 0.26484375 0.51171875 0.05390625 0.0984375
10 0.2640625 0.61328125 0.0515625 0.10625
10 0.2546875 0.734375 0.0515625 0.11171875