11 0.34375 0.146875 0.06875 0.18046875
12 0.1984375 0.09140625 0.0640625 0.1296875
7 0.18828125 0.15 0.0625 0.14609375
8 0.16640625 0.30625 0.07421875 0.20546875
9 0.2390625 0.78828125 0.08359375 0.1625
10 0.271875 0.16328125 0.05390625 0.11015625
10 0.2578125 0.3375 0.053125 0.10625
10 0.259375 0.4359375 0.0625 0.1109375
10 0.35859375 0.5625 0.06015625 0.11484375
2 0.77109375 0.3 0.0859375 0.2015625
6 0.57265625 0.08046875 0.06015625 0.13046875
1 0.50546875 0.2296875 0.0625 0.15390625
6 0.51015625 0.34453125 0.0625 0.12578125
3 0.35078125 0.43046875 0.0734375 0.16015625
3 0.24140625 0.63984375 0.071875 0.15546875
4 0.41796875 0.17734375 0.04921875 0.1109375
4 0.5421875 0.665625 0.0578125 0.11484375
4 0.684375 0.34140625 0.053125 0.11171875
4 0.61015625 0.540625 0.05390625 0.11328125