12 0.43828125 0.25390625 0.05859375 0.128125
8 0.3515625 0.41171875 0.0734375 0.2015625
10 0.42734375 0.340625 0.053125 0.11015625
10 0.3546875 0.1796875 0.053125 0.109375
10 0.26953125 0.0890625 0.0515625 0.10546875
10 0.25546875 0.6734375 0.05859375 0.11484375
2 0.6578125 0.74765625 0.08125 0.2078125
6 0.8453125 0.784375 0.078125 0.1390625
5 0.59375 0.325 0.0640625 0.18203125
4 0.67734375 0.2546875 0.04296875 0.10625
4 0.5140625 0.3375 0.04609375 0.10546875
4 0.62265625 0.546875 0.053125 0.11171875