2 0.76875 0.3015625 0.07265625 0.18828125
5 0.790625 0.40390625 0.0734375 0.16796875
3 0.815625 0.53984375 0.06953125 0.125
3 0.76640625 0.24609375 0.0640625 0.11953125
1 0.8234375 0.6546875 0.065625 0.13984375
1 0.74140625 0.15546875 0.05 0.13828125
6 0.7265625 0.08359375 0.05390625 0.11484375
6 0.8484375 0.78515625 0.078125 0.13359375
4 0.74375 0.7859375 0.05703125 0.10859375
4 0.7234375 0.6453125 0.053125 0.10859375
4 0.7 0.5453125 0.0515625 0.10234375
4 0.69609375 0.4296875 0.0484375 0.1
4 0.678125 0.34375 0.05625 0.1015625
4 0.67578125 0.26875 0.0484375 0.1015625
4 0.65390625 0.17890625 0.046875 0.0984375
4 0.653125 0.08984375 0.04140625 0.1015625
11 0.17734375 0.32734375 0.06875 0.17421875
8 0.1609375 0.40703125 0.075 0.19453125
9 0.16953125 0.24609375 0.06015625 0.121875
9 0.1578125 0.54375 0.078125 0.13671875
7 0.18515625 0.146875 0.059375 0.1421875
7 0.13984375 0.6625 0.06796875 0.14296875
12 0.1953125 0.0921875 0.05625 0.1171875
12 0.13359375 0.8078125 0.07734375 0.13828125
10 0.26640625 0.09140625 0.04921875 0.09921875
10 0.2734375 0.16953125 0.0484375 0.1046875
10 0.26015625 0.25546875 0.05078125 0.103125
10 0.25859375 0.33984375 0.053125 0.10234375
10 0.26015625 0.4375 0.05625 0.11015625
10 0.2390625 0.803125 0.0609375 0.109375
10 0.24375 0.66484375 0.059375 0.11640625
10 0.43125 0.5578125 0.053125 0.11328125