6 0.8484375 0.78125 0.07734375 0.13671875
2 0.76875 0.29921875 0.075 0.20390625
6 0.7328125 0.0859375 0.0546875 0.121875
5 0.51875 0.4234375 0.059375 0.1765625
3 0.63671875 0.65625 0.06328125 0.14921875
3 0.59609375 0.33515625 0.05546875 0.13828125
4 0.74296875 0.7828125 0.05703125 0.11796875
4 0.60625 0.53828125 0.0515625 0.1046875
4 0.5421875 0.665625 0.053125 0.11015625
4 0.684375 0.34609375 0.05 0.10625
4 0.5140625 0.26484375 0.05234375 0.10703125
4 0.57578125 0.17421875 0.0515625 0.10546875
1 0.6515625 0.0796875 0.05234375 0.1375
1 0.3578125 0.54296875 0.05703125 0.14453125
7 0.184375 0.15078125 0.06015625 0.13984375
12 0.196875 0.090625 0.0515625 0.11796875
8 0.16171875 0.4046875 0.075 0.196875
11 0.34375 0.146875 0.0625 0.17890625
9 0.35 0.33125 0.06015625 0.13359375
9 0.16171875 0.5453125 0.0734375 0.134375
7 0.14375 0.6609375 0.06953125 0.14453125
10 0.25 0.66953125 0.0546875 0.11328125
10 0.25859375 0.43984375 0.0625 0.10859375
10 0.2578125 0.3390625 0.05 0.11015625
10 0.27265625 0.171875 0.05234375 0.109375
10 0.4125 0.0859375 0.04921875 0.10625
10 0.41953125 0.24609375 0.05078125 0.1046875