12 0.6453125 0.77734375 0.07109375 0.140625
6 0.84453125 0.7796875 0.07421875 0.1359375
2 0.72421875 0.6375 0.08203125 0.20859375
5 0.59375 0.3265625 0.06953125 0.1765625
4 0.6765625 0.25546875 0.04765625 0.10546875
4 0.61953125 0.54921875 0.0546875 0.11484375
4 0.51171875 0.3375 0.04921875 0.10234375
6 0.265625 0.5421875 0.06328125 0.1421875
8 0.353125 0.409375 0.075 0.19453125
12 0.17421875 0.253125 0.0671875 0.1265625
10 0.42890625 0.3390625 0.05 0.10859375
10 0.35625 0.184375 0.0484375 0.10859375
10 0.26875 0.08828125 0.04921875 0.10390625
10 0.2546875 0.6703125 0.06015625 0.109375