6 0.5859375 0.06796875 0.053125 0.12265625
6 0.83984375 0.73515625 0.07421875 0.13828125
2 0.78984375 0.3703125 0.07890625 0.1984375
5 0.596875 0.29140625 0.06953125 0.171875
4 0.6640625 0.14453125 0.04453125 0.1015625
4 0.67578125 0.22734375 0.04609375 0.10703125
4 0.6984375 0.4 0.053125 0.1125
4 0.62109375 0.50546875 0.05 0.1078125
4 0.51640625 0.30234375 0.05390625 0.10703125
4 0.5171875 0.06484375 0.04609375 0.1
3 0.58984375 0.134375 0.04921875 0.13359375
3 0.4375 0.39453125 0.06953125 0.1390625
11 0.36015625 0.2953125 0.07109375 0.1703125
12 0.20703125 0.05625 0.05859375 0.11171875
12 0.2546875 0.74453125 0.0703125 0.13671875
8 0.1671875 0.3625 0.07890625 0.19609375
7 0.1546875 0.48671875 0.075 0.13828125
9 0.36640625 0.1953125 0.06015625 0.1359375
9 0.1640625 0.60625 0.078125 0.14375
10 0.4359375 0.29921875 0.05 0.10625
10 0.28359375 0.05625 0.0453125 0.10234375
10 0.28515625 0.215625 0.0484375 0.109375
10 0.2625 0.6140625 0.059375 0.12109375
10 0.44453125 0.734375 0.0609375 0.11796875