5 0.5953125 0.29765625 0.0734375 0.17109375
2 0.78671875 0.3703125 0.0875 0.2
6 0.83828125 0.725 0.0765625 0.153125
6 0.584375 0.06171875 0.053125 0.1109375
3 0.58984375 0.134375 0.06328125 0.13046875
3 0.4421875 0.3921875 0.0671875 0.14140625
4 0.66640625 0.14609375 0.04609375 0.1015625
4 0.6765625 0.2296875 0.04609375 0.10625
4 0.69921875 0.4015625 0.05 0.11875
4 0.625 0.503125 0.05625 0.1109375
4 0.515625 0.3015625 0.0515625 0.10546875
4 0.51953125 0.06640625 0.04921875 0.10703125
11 0.36171875 0.2953125 0.0734375 0.1703125
7 0.2578125 0.38046875 0.065625 0.15078125
12 0.36484375 0.190625 0.06015625 0.1375
12 0.16484375 0.6015625 0.0765625 0.15390625
8 0.16796875 0.3671875 0.08046875 0.20546875
12 0.20390625 0.0546875 0.06484375 0.109375
12 0.25078125 0.740625 0.0765625 0.1421875
10 0.28203125 0.05703125 0.04921875 0.1015625
10 0.26328125 0.61484375 0.05703125 0.11640625
10 0.28828125 0.21875 0.05625 0.11328125
10 0.43515625 0.3015625 0.0515625 0.10703125
10 0.44609375 0.73671875 0.05703125 0.12265625