5 0.5984375 0.290625 0.0703125 0.17734375
2 0.80546875 0.48203125 0.08359375 0.20625
6 0.83671875 0.73125 0.08125 0.146875
4 0.69609375 0.40546875 0.05 0.11171875
4 0.675 0.22734375 0.053125 0.09921875
4 0.6625 0.14453125 0.04765625 0.1
4 0.5203125 0.0671875 0.0453125 0.0984375
4 0.515625 0.30234375 0.05078125 0.1140625
4 0.6234375 0.50390625 0.059375 0.11875
3 0.440625 0.39375 0.0640625 0.1375
12 0.20703125 0.05546875 0.0609375 0.1109375
12 0.25546875 0.74453125 0.06640625 0.1375
8 0.2671875 0.36953125 0.075 0.1984375
9 0.50859375 0.1375 0.05390625 0.14296875
9 0.16640625 0.603125 0.0765625 0.14375
7 0.44140625 0.603125 0.0609375 0.13828125
11 0.36328125 0.29140625 0.06328125 0.178125
10 0.43515625 0.30234375 0.05 0.10390625
10 0.284375 0.05703125 0.053125 0.10625
10 0.2859375 0.2171875 0.05 0.10625
10 0.2609375 0.61640625 0.059375 0.11484375
10 0.446875 0.73828125 0.0625 0.115625