5 0.7828125 0.296875 0.06875 0.153125
2 0.79140625 0.36875 0.0765625 0.1859375
1 0.7640625 0.21484375 0.05390625 0.12421875
1 0.80390625 0.49609375 0.06015625 0.13125
3 0.74765625 0.13671875 0.05703125 0.1140625
3 0.82734375 0.60859375 0.07421875 0.12265625
6 0.7421875 0.06640625 0.04921875 0.1015625
6 0.84296875 0.73671875 0.071875 0.1265625
4 0.65859375 0.0640625 0.0421875 0.09375
4 0.66484375 0.14296875 0.040625 0.09609375
4 0.6765625 0.22578125 0.0421875 0.09609375
4 0.6875 0.30859375 0.04296875 0.0984375
4 0.6984375 0.40390625 0.04921875 0.09453125
4 0.71171875 0.50703125 0.04609375 0.10625
4 0.72578125 0.615625 0.05 0.10234375
4 0.7390625 0.73671875 0.05390625 0.10234375
11 0.18828125 0.27734375 0.06328125 0.16953125
8 0.1734375 0.3640625 0.06796875 0.1890625
7 0.16015625 0.48984375 0.05703125 0.1359375
7 0.1921875 0.2046875 0.0515625 0.13046875
9 0.2 0.12734375 0.05390625 0.11796875
9 0.15546875 0.62265625 0.06875 0.13046875
10 0.25390625 0.740625 0.05703125 0.1046875
10 0.2609375 0.61640625 0.0625 0.103125
10 0.2640625 0.51484375 0.05234375 0.0984375
10 0.2765625 0.41171875 0.05 0.1015625
10 0.27734375 0.3109375 0.05234375 0.0984375
10 0.2859375 0.22578125 0.04296875 0.09453125
10 0.2859375 0.1390625 0.0453125 0.0890625
10 0.2859375 0.06015625 0.04453125 0.0984375
12 0.209375 0.053125 0.04765625 0.1046875
12 0.1421875 0.74453125 0.06796875 0.140625