2 0.73984375 0.5984375 0.084375 0.196875
6 0.85546875 0.73984375 0.06875 0.13984375
12 0.65546875 0.721875 0.06640625 0.1390625
9 0.5296875 0.1296875 0.05 0.13828125
5 0.6171875 0.290625 0.06953125 0.17734375
4 0.696875 0.2265625 0.0453125 0.10234375
4 0.71796875 0.40546875 0.0546875 0.10546875
4 0.640625 0.50390625 0.0515625 0.10859375
4 0.53671875 0.2984375 0.0484375 0.10859375
3 0.459375 0.38984375 0.0625 0.13515625
10 0.45546875 0.2953125 0.04921875 0.10078125
11 0.38046875 0.28515625 0.0703125 0.171875
8 0.28515625 0.35546875 0.071875 0.19453125
12 0.23203125 0.05 0.06015625 0.09921875
10 0.30625 0.046875 0.04609375 0.09375
10 0.30703125 0.20390625 0.05078125 0.1046875
10 0.275 0.603125 0.05859375 0.1125