6 0.64453125 0.7703125 0.0734375 0.13828125
6 0.84765625 0.7796875 0.0765625 0.14140625
2 0.72109375 0.63828125 0.08984375 0.2046875
5 0.59296875 0.32421875 0.06171875 0.17578125
4 0.67734375 0.2546875 0.04921875 0.11484375
4 0.6234375 0.55 0.05625 0.11953125
4 0.509375 0.3375 0.0484375 0.1078125
3 0.2671875 0.54140625 0.071875 0.14375
8 0.26015625 0.41171875 0.071875 0.2
10 0.25546875 0.6703125 0.05859375 0.1109375
12 0.17578125 0.25078125 0.06484375 0.11796875
10 0.26953125 0.0875 0.05 0.103125
10 0.35390625 0.17890625 0.05078125 0.10703125
10 0.43046875 0.34296875 0.05 0.11015625