9 0.45234375 0.64765625 0.06796875 0.1609375
8 0.16484375 0.30390625 0.07734375 0.20546875
11 0.3453125 0.14609375 0.0625 0.17890625
7 0.43828125 0.4328125 0.0671875 0.14296875
12 0.42421875 0.15859375 0.06015625 0.12578125
10 0.440625 0.32734375 0.05390625 0.10546875
10 0.27421875 0.1703125 0.0640625 0.11484375
10 0.26015625 0.3390625 0.053125 0.1109375
10 0.35390625 0.5640625 0.05390625 0.12578125
6 0.2703125 0.07421875 0.0625 0.13046875
3 0.246875 0.64609375 0.078125 0.16171875
1 0.50859375 0.234375 0.05 0.14609375
2 0.76953125 0.3 0.0828125 0.2
4 0.68515625 0.34140625 0.04921875 0.11328125
4 0.5421875 0.66328125 0.05234375 0.12421875
4 0.60859375 0.5390625 0.05234375 0.11875