5 0.79296875 0.40546875 0.075 0.17421875
2 0.7703125 0.30390625 0.075 0.1796875
3 0.7671875 0.2453125 0.06640625 0.12109375
3 0.815625 0.54140625 0.0765625 0.1203125
1 0.74453125 0.15546875 0.05078125 0.134375
1 0.8234375 0.65546875 0.065625 0.13203125
6 0.72421875 0.08125 0.053125 0.12421875
6 0.8484375 0.7859375 0.07578125 0.12890625
4 0.74453125 0.78671875 0.059375 0.1109375
4 0.72265625 0.64609375 0.0625 0.11171875
4 0.696875 0.5421875 0.0546875 0.10234375
4 0.69453125 0.4296875 0.05234375 0.09921875
4 0.68515625 0.3453125 0.0484375 0.0984375
4 0.678125 0.2671875 0.04765625 0.09921875
4 0.66015625 0.1765625 0.0421875 0.09609375
4 0.6546875 0.09140625 0.0421875 0.09921875
11 0.17734375 0.32421875 0.0640625 0.1703125
8 0.1609375 0.40625 0.07265625 0.19453125
9 0.171875 0.24375 0.0640625 0.11484375
9 0.159375 0.54453125 0.0671875 0.13203125
7 0.1859375 0.15 0.05390625 0.134375
7 0.14296875 0.66328125 0.0671875 0.1390625
12 0.19609375 0.0875 0.05390625 0.11953125
12 0.13203125 0.80546875 0.07109375 0.13671875
10 0.265625 0.090625 0.04453125 0.0984375
10 0.27109375 0.1703125 0.0453125 0.10078125
10 0.25859375 0.25546875 0.0453125 0.1015625
10 0.26171875 0.33671875 0.05 0.096875
10 0.26015625 0.4375 0.05234375 0.1046875
10 0.25234375 0.54921875 0.0515625 0.10625
10 0.24375 0.66953125 0.0546875 0.11015625
10 0.23828125 0.8046875 0.0640625 0.10859375