7 0.44296875 0.43203125 0.0703125 0.14140625
12 0.43515625 0.34140625 0.05859375 0.13125
9 0.4515625 0.64921875 0.07109375 0.15859375
8 0.1671875 0.30546875 0.08203125 0.21171875
11 0.3453125 0.14609375 0.06953125 0.1765625
10 0.275 0.16640625 0.05546875 0.11015625
10 0.259375 0.33828125 0.0578125 0.1078125
10 0.35625 0.56484375 0.0515625 0.11796875
6 0.2734375 0.06953125 0.04765625 0.13046875
3 0.34921875 0.42109375 0.0625 0.1546875
2 0.771875 0.29765625 0.0875 0.20078125
4 0.428125 0.53984375 0.05546875 0.109375
4 0.5890625 0.34296875 0.05390625 0.1140625
4 0.5421875 0.66328125 0.05859375 0.1203125