6 0.85234375 0.74296875 0.075 0.13515625
2 0.73984375 0.60078125 0.08203125 0.20390625
5 0.61875 0.29453125 0.0625 0.16640625
4 0.6984375 0.22734375 0.04765625 0.1046875
4 0.715625 0.4046875 0.0515625 0.1046875
4 0.63984375 0.50390625 0.05390625 0.10546875
4 0.53515625 0.296875 0.0515625 0.10234375
3 0.4578125 0.38515625 0.05703125 0.134375
7 0.45546875 0.596875 0.0609375 0.1421875
11 0.378125 0.2828125 0.065625 0.17421875
8 0.28671875 0.35703125 0.071875 0.19375
9 0.37265625 0.4828125 0.06015625 0.1421875
10 0.45546875 0.29609375 0.04609375 0.1015625
10 0.3078125 0.203125 0.04609375 0.1046875
10 0.27734375 0.60234375 0.05625 0.1125
10 0.30625 0.0484375 0.046875 0.096875
12 0.23125 0.0484375 0.05703125 0.096875
12 0.6578125 0.72109375 0.06796875 0.146875