8 0.1671875 0.30078125 0.08125 0.2109375
10 0.2765625 0.171875 0.05859375 0.10703125
10 0.2609375 0.3421875 0.06171875 0.1171875
12 0.43671875 0.33359375 0.0609375 0.13828125
7 0.44375 0.43515625 0.065625 0.1484375
10 0.35703125 0.5625 0.06484375 0.11875
11 0.77421875 0.31640625 0.07578125 0.18203125
2 0.69453125 0.30859375 0.08203125 0.203125
6 0.271875 0.071875 0.0609375 0.12578125
4 0.346875 0.44296875 0.05546875 0.11875
4 0.5421875 0.66484375 0.06328125 0.11875
4 0.5890625 0.34296875 0.05234375 0.11796875