2 0.76953125 0.2984375 0.08203125 0.21015625
1 0.5984375 0.15625 0.05 0.1421875
6 0.571875 0.078125 0.0625 0.13046875
6 0.52109375 0.43671875 0.07109375 0.15703125
4 0.68203125 0.33984375 0.05703125 0.11640625
4 0.74375 0.77734375 0.0609375 0.12265625
4 0.5453125 0.6671875 0.06328125 0.125
4 0.6078125 0.53515625 0.05546875 0.1265625
4 0.41640625 0.1796875 0.05078125 0.10625
4 0.4921875 0.175 0.05546875 0.10703125
3 0.59765625 0.33359375 0.06640625 0.15234375
3 0.44375 0.7765625 0.07109375 0.16484375
11 0.346875 0.14453125 0.06640625 0.18125
9 0.2359375 0.7890625 0.08671875 0.1625
12 0.19765625 0.08828125 0.0640625 0.12734375
7 0.35625 0.428125 0.06796875 0.1546875
7 0.18984375 0.15 0.06328125 0.1609375
8 0.159375 0.40859375 0.09296875 0.20625
10 0.4125 0.08359375 0.05703125 0.11015625
10 0.27421875 0.16484375 0.05546875 0.11484375
10 0.25859375 0.33515625 0.04921875 0.11328125
10 0.259375 0.4375 0.059375 0.11796875
10 0.35625 0.559375 0.065625 0.12421875