6 0.590625 0.06875 0.04921875 0.1140625
6 0.83984375 0.73203125 0.0734375 0.14453125
2 0.79140625 0.3671875 0.07421875 0.2
5 0.6 0.29609375 0.06484375 0.18046875
4 0.69921875 0.40390625 0.053125 0.1109375
4 0.67734375 0.22734375 0.04609375 0.10234375
4 0.66328125 0.1421875 0.04453125 0.09609375
4 0.5203125 0.06484375 0.04609375 0.10546875
4 0.62578125 0.50625 0.04609375 0.10859375
4 0.51875 0.30390625 0.04765625 0.10234375
3 0.5890625 0.1328125 0.04296875 0.12890625
3 0.44453125 0.39453125 0.06875 0.140625
7 0.44296875 0.60234375 0.06640625 0.14296875
8 0.1734375 0.3640625 0.078125 0.20234375
11 0.36640625 0.29609375 0.06484375 0.1703125
9 0.36640625 0.1953125 0.0546875 0.134375
9 0.16484375 0.6015625 0.08203125 0.15390625
12 0.25390625 0.7421875 0.071875 0.1375
12 0.2078125 0.05546875 0.0578125 0.1109375
10 0.2640625 0.6140625 0.0515625 0.11171875
10 0.28515625 0.0609375 0.0515625 0.09921875
10 0.28984375 0.21796875 0.05859375 0.10625
10 0.4375 0.29765625 0.05 0.109375
10 0.446875 0.73828125 0.06328125 0.12265625