1 0.70859375 0.60859375 0.06015625 0.14765625
6 0.58671875 0.065625 0.05546875 0.11171875
6 0.8375 0.728125 0.06640625 0.134375
2 0.78984375 0.365625 0.07890625 0.19765625
5 0.59765625 0.28828125 0.05859375 0.16484375
1 0.52734375 0.49609375 0.05234375 0.1359375
4 0.675 0.228125 0.04609375 0.09765625
4 0.665625 0.1453125 0.03984375 0.09453125
4 0.69765625 0.4015625 0.04765625 0.1078125
4 0.7078125 0.50546875 0.05 0.1015625
4 0.64375 0.74453125 0.05234375 0.11484375
4 0.615625 0.6140625 0.0515625 0.10234375
4 0.51484375 0.3 0.0453125 0.0984375
4 0.51875 0.06875 0.04140625 0.103125
3 0.58828125 0.1296875 0.05390625 0.1296875
3 0.43984375 0.3953125 0.06484375 0.13359375
11 0.1875 0.2765625 0.06953125 0.175
8 0.171875 0.3625 0.0734375 0.19453125
12 0.253125 0.7359375 0.06328125 0.13828125
12 0.20625 0.05234375 0.059375 0.1046875
7 0.36171875 0.05625 0.04609375 0.11171875
7 0.15703125 0.4859375 0.0625 0.13671875
9 0.3640625 0.19765625 0.05546875 0.13828125
9 0.16640625 0.603125 0.06796875 0.14296875
10 0.4359375 0.3015625 0.0421875 0.10234375
10 0.42890625 0.13828125 0.0484375 0.1046875
10 0.284375 0.05625 0.04609375 0.10234375
10 0.28203125 0.22265625 0.04765625 0.09921875
10 0.27265625 0.40625 0.05546875 0.096875
10 0.2640625 0.509375 0.04609375 0.1046875
10 0.2640625 0.61484375 0.05390625 0.1109375
10 0.4484375 0.7359375 0.05546875 0.11484375