5 0.5203125 0.42109375 0.06953125 0.175
2 0.77109375 0.29765625 0.08046875 0.21015625
6 0.78828125 0.4375 0.07109375 0.134375
4 0.7421875 0.78515625 0.065625 0.11875
4 0.68359375 0.34375 0.05078125 0.11015625
4 0.51328125 0.26171875 0.0484375 0.11796875
4 0.5421875 0.665625 0.059375 0.1234375
4 0.60546875 0.53828125 0.05859375 0.115625
4 0.48984375 0.16875 0.0515625 0.11171875
6 0.5703125 0.084375 0.05546875 0.1234375
1 0.5984375 0.1578125 0.053125 0.1484375
1 0.35078125 0.53828125 0.07890625 0.146875
9 0.3515625 0.32109375 0.0609375 0.134375
9 0.2390625 0.79140625 0.0828125 0.15234375
12 0.19921875 0.08828125 0.06171875 0.12890625
11 0.34453125 0.15 0.06953125 0.1734375
8 0.1625 0.40625 0.09140625 0.2125
7 0.1859375 0.15078125 0.0625 0.1453125
7 0.3578125 0.4296875 0.06640625 0.14609375
10 0.41328125 0.0875 0.04921875 0.10390625
10 0.415625 0.24453125 0.05390625 0.11171875
10 0.27265625 0.16484375 0.05234375 0.11015625
10 0.26015625 0.3359375 0.0546875 0.1171875
10 0.26015625 0.4375 0.0609375 0.11171875
10 0.24765625 0.6625 0.06484375 0.11953125