12 0.1984375 0.08984375 0.059375 0.12421875
8 0.16640625 0.30546875 0.08515625 0.20234375
7 0.18515625 0.14765625 0.05859375 0.1453125
11 0.346875 0.1453125 0.06953125 0.1828125
9 0.23515625 0.7890625 0.08515625 0.15703125
10 0.27265625 0.165625 0.0515625 0.11171875
10 0.25859375 0.3375 0.05078125 0.109375
10 0.25859375 0.4375 0.05625 0.11328125
10 0.35625 0.5625 0.059375 0.11171875
2 0.77109375 0.29921875 0.08671875 0.20546875
1 0.5984375 0.15859375 0.053125 0.15078125
6 0.57109375 0.07890625 0.0546875 0.134375
6 0.5109375 0.34296875 0.0609375 0.134375
3 0.24609375 0.6421875 0.0734375 0.16484375
3 0.34921875 0.4375 0.06484375 0.1515625
4 0.42109375 0.1828125 0.05078125 0.1078125
4 0.68515625 0.34296875 0.04765625 0.1125
4 0.52109375 0.80625 0.0578125 0.11875
4 0.54296875 0.665625 0.05625 0.11484375
4 0.60703125 0.5390625 0.05546875 0.11875