5 0.60234375 0.28984375 0.0765625 0.17890625
3 0.4453125 0.39765625 0.071875 0.1421875
7 0.44140625 0.59921875 0.06953125 0.15078125
11 0.36328125 0.28984375 0.0671875 0.17578125
9 0.1671875 0.59453125 0.075 0.16328125
8 0.26796875 0.36796875 0.07890625 0.19765625
12 0.20625 0.05625 0.0625 0.11171875
12 0.2546875 0.7421875 0.0828125 0.140625
10 0.26015625 0.6125 0.06328125 0.10859375
10 0.28671875 0.215625 0.05703125 0.10625
10 0.28515625 0.0578125 0.05703125 0.10390625
10 0.4390625 0.303125 0.04609375 0.10234375
10 0.44921875 0.7359375 0.0640625 0.11796875
4 0.51953125 0.065625 0.05390625 0.10234375
4 0.6796875 0.23125 0.05546875 0.109375
4 0.6625 0.14375 0.0515625 0.10234375
4 0.51875 0.30078125 0.05625 0.10625
4 0.62265625 0.5046875 0.059375 0.11796875
4 0.6984375 0.4046875 0.053125 0.1140625
2 0.79140625 0.3671875 0.08125 0.20625
6 0.8390625 0.734375 0.0828125 0.14375