6 0.8546875 0.7421875 0.07734375 0.13828125
12 0.65546875 0.72109375 0.06640625 0.13984375
2 0.740625 0.596875 0.0859375 0.1953125
5 0.61875 0.29140625 0.0640625 0.17421875
4 0.71484375 0.40546875 0.05546875 0.1125
4 0.696875 0.23046875 0.04921875 0.11015625
4 0.64140625 0.50390625 0.04765625 0.11015625
3 0.4578125 0.38671875 0.0640625 0.1359375
4 0.5359375 0.2953125 0.04453125 0.1015625
9 0.53046875 0.128125 0.05546875 0.13515625
9 0.4625 0.725 0.0671875 0.15234375
7 0.45546875 0.59453125 0.0546875 0.1421875
11 0.38203125 0.2828125 0.05859375 0.1765625
8 0.2875 0.35703125 0.06796875 0.203125
12 0.2328125 0.04921875 0.04765625 0.0984375
10 0.45703125 0.2953125 0.04765625 0.10234375
10 0.30703125 0.0484375 0.05 0.09609375
10 0.3078125 0.2046875 0.04921875 0.10625
10 0.2765625 0.60078125 0.0609375 0.1109375