11 0.18828125 0.27578125 0.06640625 0.1703125
8 0.1703125 0.3640625 0.06953125 0.19140625
9 0.365625 0.19765625 0.0578125 0.1375
9 0.16484375 0.59921875 0.06640625 0.1421875
12 0.25390625 0.7390625 0.06171875 0.13359375
12 0.2078125 0.05390625 0.05390625 0.10703125
7 0.15859375 0.48671875 0.0609375 0.13828125
7 0.36328125 0.05234375 0.04921875 0.1046875
10 0.43671875 0.29765625 0.040625 0.09375
10 0.4296875 0.14140625 0.0375 0.09453125
10 0.2859375 0.059375 0.04140625 0.09609375
10 0.28125 0.22265625 0.04296875 0.0984375
10 0.275 0.41015625 0.05234375 0.09765625
10 0.26484375 0.51171875 0.046875 0.10390625
10 0.2640625 0.6140625 0.04921875 0.109375
10 0.446875 0.73359375 0.053125 0.1078125
3 0.58984375 0.13046875 0.04375 0.13203125
3 0.44140625 0.39375 0.059375 0.1390625
5 0.7875 0.2890625 0.06328125 0.146875
2 0.78984375 0.3671875 0.07421875 0.184375
6 0.5875 0.06328125 0.0453125 0.11484375
6 0.84140625 0.7359375 0.07109375 0.13046875
1 0.75234375 0.21015625 0.0421875 0.1328125
1 0.709375 0.61328125 0.0578125 0.13828125
4 0.70703125 0.509375 0.053125 0.09609375
4 0.696875 0.40390625 0.05 0.1046875
4 0.61796875 0.61875 0.0515625 0.10234375
4 0.6421875 0.7421875 0.0515625 0.10546875
4 0.6734375 0.22890625 0.0453125 0.09453125
4 0.6640625 0.14765625 0.0390625 0.0984375
4 0.51953125 0.0671875 0.0390625 0.09609375
4 0.5171875 0.3015625 0.04140625 0.10234375