2 0.7234375 0.6359375 0.07421875 0.196875
6 0.84921875 0.7796875 0.06953125 0.1359375
12 0.64453125 0.771875 0.06875 0.13515625
4 0.675 0.2546875 0.04921875 0.1015625
4 0.6234375 0.54375 0.05234375 0.10078125
5 0.59375 0.3234375 0.0640625 0.171875
3 0.43671875 0.43515625 0.0625 0.1390625
4 0.51015625 0.33828125 0.04453125 0.10078125
11 0.3546875 0.33203125 0.06640625 0.16953125
8 0.26015625 0.41796875 0.06796875 0.1953125
12 0.17421875 0.25078125 0.0625 0.12578125
10 0.4296875 0.33984375 0.0453125 0.09921875
10 0.3546875 0.18203125 0.04921875 0.10703125
10 0.271875 0.0890625 0.0453125 0.10234375
10 0.2546875 0.66953125 0.05703125 0.11796875