2 0.76953125 0.30078125 0.07890625 0.203125
1 0.59765625 0.15625 0.053125 0.15078125
1 0.36015625 0.540625 0.06640625 0.14921875
3 0.59609375 0.3375 0.05859375 0.14921875
3 0.44296875 0.78125 0.08125 0.1625
6 0.571875 0.084375 0.05390625 0.12734375
6 0.52109375 0.4375 0.065625 0.13828125
4 0.740625 0.78359375 0.06953125 0.1296875
4 0.6828125 0.34140625 0.05390625 0.11015625
4 0.48984375 0.175 0.046875 0.10859375
4 0.41953125 0.18203125 0.05625 0.11015625
4 0.61015625 0.53984375 0.05625 0.11640625
4 0.54375 0.665625 0.06328125 0.12421875
8 0.16171875 0.4078125 0.08203125 0.209375
9 0.23515625 0.78828125 0.07578125 0.1609375
11 0.34453125 0.1484375 0.0625 0.17890625
12 0.2 0.0859375 0.06015625 0.125
7 0.35546875 0.4234375 0.06328125 0.14765625
7 0.18671875 0.15078125 0.05703125 0.146875
10 0.41171875 0.08515625 0.053125 0.1046875
10 0.27265625 0.16953125 0.0515625 0.10703125
10 0.25703125 0.3375 0.05234375 0.109375
10 0.259375 0.43828125 0.06015625 0.11171875
10 0.24921875 0.66640625 0.06640625 0.1203125