6 0.7421875 0.06640625 0.0484375 0.11015625
4 0.73828125 0.7328125 0.0515625 0.1125
6 0.840625 0.7359375 0.0703125 0.128125
10 0.25390625 0.7375 0.05703125 0.10625
12 0.14375 0.7453125 0.0671875 0.134375
9 0.21015625 0.1265625 0.05625 0.1265625
3 0.74296875 0.1328125 0.05390625 0.12265625
10 0.284375 0.1390625 0.04140625 0.090625
4 0.66484375 0.1453125 0.04140625 0.09453125
7 0.19453125 0.20234375 0.04765625 0.13359375
1 0.7515625 0.21015625 0.04453125 0.1265625
10 0.28203125 0.22421875 0.0390625 0.09609375
4 0.6765625 0.22734375 0.0390625 0.09375
11 0.18828125 0.28046875 0.0609375 0.16640625
5 0.78203125 0.2953125 0.065625 0.1578125
10 0.2765625 0.30703125 0.04375 0.096875
4 0.6859375 0.309375 0.04296875 0.0984375
8 0.17421875 0.365625 0.065625 0.19140625
2 0.7921875 0.3671875 0.07421875 0.18125
4 0.69765625 0.4015625 0.0453125 0.0984375
10 0.278125 0.4078125 0.04453125 0.0984375
7 0.1609375 0.48671875 0.05625 0.13125
1 0.80546875 0.49453125 0.06328125 0.13203125
4 0.7109375 0.50703125 0.04765625 0.0984375
10 0.26640625 0.5125 0.04765625 0.10234375
12 0.2109375 0.05234375 0.0453125 0.10390625
10 0.28671875 0.05859375 0.04140625 0.09453125
9 0.1671875 0.603125 0.06640625 0.13984375
3 0.8265625 0.61171875 0.07421875 0.1265625
4 0.7234375 0.615625 0.053125 0.103125
10 0.26484375 0.61640625 0.04921875 0.103125
4 0.66015625 0.0640625 0.0390625 0.096875