11 0.3453125 0.1453125 0.0671875 0.1796875
8 0.165625 0.30625 0.078125 0.20546875
9 0.4515625 0.646875 0.065625 0.1640625
6 0.26953125 0.071875 0.06171875 0.12265625
12 0.42578125 0.1609375 0.0578125 0.134375
7 0.440625 0.4328125 0.05859375 0.15390625
10 0.275 0.16953125 0.0484375 0.1109375
10 0.2609375 0.3390625 0.05625 0.1140625
10 0.35078125 0.3296875 0.05390625 0.11875
10 0.35625 0.56171875 0.05859375 0.12109375
3 0.2421875 0.64609375 0.07109375 0.1625
1 0.5078125 0.234375 0.0546875 0.1484375
2 0.77265625 0.30078125 0.0859375 0.209375
4 0.684375 0.3453125 0.053125 0.1078125
4 0.60859375 0.5359375 0.05234375 0.12265625
4 0.54140625 0.66484375 0.06015625 0.11875