2 0.76875 0.29375 0.08203125 0.203125
6 0.5703125 0.08046875 0.06015625 0.13046875
1 0.5078125 0.23046875 0.05625 0.15
4 0.41953125 0.1765625 0.04765625 0.11640625
4 0.68203125 0.34140625 0.0515625 0.11328125
4 0.60625 0.540625 0.05859375 0.11796875
4 0.53984375 0.66484375 0.059375 0.12265625
3 0.43359375 0.65390625 0.06640625 0.15390625
3 0.2390625 0.63828125 0.0734375 0.15546875
11 0.3453125 0.14765625 0.059375 0.175
12 0.19609375 0.09140625 0.06640625 0.1328125
8 0.16796875 0.30546875 0.0734375 0.203125
9 0.234375 0.78828125 0.078125 0.1609375
7 0.43984375 0.43203125 0.059375 0.14765625
10 0.346875 0.3296875 0.0546875 0.11953125
10 0.271875 0.1671875 0.04921875 0.11328125
10 0.26015625 0.3375 0.0484375 0.11484375
10 0.3546875 0.56015625 0.05703125 0.12109375