3 0.71328125 0.6140625 0.0734375 0.14296875
6 0.8390625 0.73125 0.0765625 0.13828125
2 0.78828125 0.36796875 0.0765625 0.2015625
5 0.59765625 0.29453125 0.06328125 0.18203125
6 0.5875 0.06328125 0.0515625 0.1171875
9 0.5890625 0.13125 0.05390625 0.13125
9 0.44140625 0.39375 0.06171875 0.13671875
4 0.51953125 0.0671875 0.04609375 0.10390625
4 0.67734375 0.22890625 0.04921875 0.1
4 0.6625 0.14453125 0.04765625 0.0984375
4 0.6984375 0.40234375 0.05078125 0.10859375
4 0.70625 0.5046875 0.05546875 0.109375
4 0.640625 0.7375 0.065625 0.11171875
4 0.51875 0.29765625 0.0484375 0.1078125
8 0.17265625 0.3640625 0.07578125 0.19765625
12 0.20703125 0.053125 0.05546875 0.10625
12 0.253125 0.74140625 0.06953125 0.13984375
7 0.15703125 0.4859375 0.0671875 0.140625
11 0.1875 0.2765625 0.0671875 0.171875
9 0.3640625 0.1953125 0.059375 0.1375
9 0.16328125 0.60078125 0.07109375 0.146875
10 0.43671875 0.3015625 0.0453125 0.10234375
10 0.28515625 0.05703125 0.0484375 0.0984375
10 0.28125 0.22421875 0.05 0.10625
10 0.27265625 0.4125 0.05234375 0.10390625
10 0.2640625 0.5125 0.05546875 0.10234375
10 0.26171875 0.6140625 0.05625 0.1078125
10 0.44765625 0.7328125 0.05703125 0.115625