6 0.83671875 0.73125 0.0765625 0.13671875
2 0.803125 0.484375 0.09140625 0.20546875
5 0.59765625 0.29140625 0.06328125 0.1765625
9 0.5046875 0.134375 0.065625 0.13125
4 0.5203125 0.0640625 0.04765625 0.1
4 0.69453125 0.40390625 0.053125 0.11484375
4 0.6734375 0.2265625 0.05625 0.103125
4 0.515625 0.303125 0.0484375 0.10625
4 0.625 0.50234375 0.05546875 0.11328125
3 0.43984375 0.39375 0.0609375 0.13828125
9 0.16015625 0.59921875 0.07578125 0.146875
11 0.3609375 0.290625 0.065625 0.16953125
8 0.26875 0.3671875 0.07734375 0.196875
10 0.26171875 0.61640625 0.05859375 0.1125
12 0.25390625 0.74375 0.06953125 0.13828125
12 0.2046875 0.05390625 0.0609375 0.1078125
10 0.28125 0.05546875 0.053125 0.11015625
10 0.4359375 0.30390625 0.05703125 0.10546875
10 0.28671875 0.2203125 0.04765625 0.11328125
7 0.4375 0.5984375 0.0671875 0.14765625
10 0.44609375 0.7359375 0.059375 0.11875