6 0.83984375 0.73359375 0.078125 0.140625
2 0.809375 0.48671875 0.08046875 0.20390625
4 0.521875 0.06640625 0.0453125 0.10625
3 0.440625 0.39453125 0.0671875 0.1390625
8 0.2671875 0.371875 0.07578125 0.20390625
11 0.3609375 0.290625 0.06640625 0.1875
5 0.59765625 0.2921875 0.0671875 0.17734375
4 0.66328125 0.14375 0.0484375 0.109375
4 0.6734375 0.2234375 0.05 0.10859375
4 0.6984375 0.40546875 0.05234375 0.10625
4 0.62421875 0.50703125 0.06015625 0.11796875
4 0.515625 0.29765625 0.053125 0.11640625
9 0.50625 0.1328125 0.065625 0.14921875
9 0.16328125 0.60078125 0.075 0.1515625
12 0.25625 0.7453125 0.084375 0.146875
12 0.20546875 0.05546875 0.06015625 0.11015625
7 0.43828125 0.59921875 0.06640625 0.1484375
10 0.4359375 0.30078125 0.05390625 0.10078125
10 0.284375 0.05546875 0.05078125 0.09765625
10 0.284375 0.215625 0.0515625 0.115625
10 0.2609375 0.61484375 0.0625 0.1171875
10 0.45 0.73828125 0.059375 0.11484375