2 0.765625 0.3015625 0.08984375 0.20703125
3 0.64765625 0.77109375 0.08515625 0.1640625
6 0.66171875 0.1640625 0.06015625 0.13828125
4 0.70078125 0.54296875 0.059375 0.11640625
4 0.5171875 0.34921875 0.053125 0.115625
1 0.534375 0.53984375 0.059375 0.15078125
1 0.35078125 0.15078125 0.06953125 0.159375
8 0.1765625 0.396875 0.08984375 0.2109375
10 0.34140625 0.54453125 0.0578125 0.12109375
9 0.19453125 0.146875 0.0703125 0.165625
7 0.503125 0.0703125 0.06015625 0.13828125
7 0.14609375 0.6421875 0.0734375 0.15390625