6 0.85078125 0.74296875 0.0703125 0.13671875
2 0.73671875 0.59609375 0.0875 0.21328125
5 0.615625 0.2890625 0.06875 0.171875
4 0.69765625 0.225 0.04609375 0.10625
4 0.64140625 0.50390625 0.05 0.11484375
4 0.534375 0.29765625 0.05 0.10859375
3 0.45859375 0.38984375 0.0734375 0.1421875
11 0.3796875 0.284375 0.06640625 0.184375
8 0.2875 0.3546875 0.07109375 0.20625
10 0.453125 0.2953125 0.05625 0.11015625
10 0.38515625 0.1359375 0.0515625 0.10625
10 0.30390625 0.05078125 0.04765625 0.1015625
10 0.27578125 0.6015625 0.06328125 0.12578125
12 0.20859375 0.1984375 0.06328125 0.12890625
12 0.6578125 0.72421875 0.0734375 0.1546875