2 0.76953125 0.2984375 0.08046875 0.203125
1 0.59453125 0.1578125 0.05546875 0.14296875
6 0.5734375 0.08515625 0.05859375 0.11796875
6 0.51640625 0.24375 0.0640625 0.12265625
3 0.4390625 0.2484375 0.05703125 0.13203125
4 0.4203125 0.18125 0.05234375 0.10546875
4 0.6859375 0.34140625 0.05 0.1078125
4 0.60625 0.540625 0.05234375 0.11640625
4 0.74140625 0.7828125 0.0609375 0.11796875
4 0.54140625 0.665625 0.0609375 0.12421875
3 0.44296875 0.7796875 0.0734375 0.16640625
8 0.16015625 0.40859375 0.084375 0.20625
12 0.196875 0.08359375 0.06484375 0.1328125
9 0.23671875 0.7890625 0.08203125 0.1625
11 0.3421875 0.1484375 0.0671875 0.18203125
7 0.184375 0.15 0.05859375 0.14140625
7 0.35546875 0.42734375 0.06015625 0.14609375
10 0.5046875 0.159375 0.053125 0.11015625
10 0.2734375 0.16640625 0.05703125 0.1140625
10 0.2578125 0.3359375 0.05234375 0.109375
10 0.25546875 0.4359375 0.0609375 0.1125
10 0.35625 0.56015625 0.06171875 0.1203125