5 0.784375 0.296875 0.07109375 0.1625
2 0.790625 0.36875 0.07734375 0.18671875
6 0.84140625 0.73125 0.071875 0.13515625
6 0.74140625 0.06640625 0.0515625 0.1109375
1 0.753125 0.2109375 0.04765625 0.13046875
1 0.70859375 0.615625 0.06015625 0.12421875
4 0.6984375 0.39921875 0.04453125 0.09609375
4 0.709375 0.50546875 0.0484375 0.10234375
4 0.6421875 0.7390625 0.0515625 0.10078125
4 0.61796875 0.61484375 0.05078125 0.10703125
4 0.67734375 0.22890625 0.0421875 0.09296875
4 0.66484375 0.14609375 0.0390625 0.08984375
4 0.65859375 0.06171875 0.040625 0.0984375
3 0.5890625 0.13203125 0.04765625 0.13125
3 0.62890625 0.4828125 0.0609375 0.13828125
4 0.5171875 0.30234375 0.04296875 0.10234375
11 0.1890625 0.2765625 0.06015625 0.16640625
8 0.1734375 0.3625 0.06640625 0.19375
7 0.16171875 0.48828125 0.05546875 0.134375
7 0.19375 0.2015625 0.05078125 0.13046875
9 0.3671875 0.2 0.05859375 0.1484375
9 0.16875 0.59765625 0.06796875 0.1515625
10 0.4515625 0.7359375 0.05234375 0.1046875
10 0.26171875 0.61640625 0.05703125 0.103125
10 0.2640625 0.51796875 0.05703125 0.1078125
10 0.275 0.409375 0.05390625 0.0984375
10 0.27734375 0.309375 0.0578125 0.096875
10 0.28046875 0.22265625 0.05078125 0.0921875
10 0.2859375 0.13984375 0.0515625 0.08984375
10 0.2859375 0.05859375 0.03828125 0.09453125
12 0.209375 0.053125 0.04921875 0.10625
12 0.2546875 0.7390625 0.0609375 0.1328125