5 0.78359375 0.29609375 0.07421875 0.1640625
2 0.7890625 0.3703125 0.07421875 0.18984375
6 0.8390625 0.73359375 0.07421875 0.13203125
6 0.73984375 0.0671875 0.04453125 0.109375
1 0.75390625 0.2109375 0.04765625 0.13515625
1 0.709375 0.61484375 0.0609375 0.1359375
4 0.66015625 0.06015625 0.0421875 0.096875
4 0.6765625 0.22890625 0.040625 0.0984375
4 0.665625 0.1453125 0.03984375 0.09453125
4 0.7109375 0.50625 0.05234375 0.0953125
4 0.6984375 0.4 0.04296875 0.103125
4 0.64453125 0.7390625 0.0484375 0.1046875
4 0.61875 0.61796875 0.0515625 0.109375
4 0.5171875 0.3 0.04453125 0.09921875
3 0.58984375 0.13046875 0.05078125 0.1265625
3 0.44453125 0.3890625 0.05546875 0.1421875
11 0.18828125 0.27578125 0.0609375 0.16796875
8 0.1734375 0.3609375 0.0640625 0.18671875
7 0.19453125 0.20234375 0.04765625 0.1328125
7 0.16015625 0.48984375 0.05546875 0.13125
9 0.3640625 0.2015625 0.0484375 0.14140625
9 0.165625 0.60234375 0.0671875 0.140625
12 0.2546875 0.740625 0.06015625 0.13515625
12 0.20703125 0.05234375 0.0421875 0.1046875
10 0.28515625 0.05703125 0.03671875 0.09140625
10 0.2859375 0.13671875 0.0390625 0.08828125
10 0.28203125 0.2234375 0.03828125 0.09140625
10 0.2765625 0.30703125 0.04375 0.0984375
10 0.27578125 0.4078125 0.04609375 0.09765625
10 0.26484375 0.509375 0.046875 0.10078125
10 0.26328125 0.61328125 0.04921875 0.10390625
10 0.4484375 0.734375 0.0515625 0.1125