10.0 0.783594 0.296875 0.073437 0.162500
11.0 0.789062 0.369531 0.077344 0.189063
8.0 0.762500 0.214844 0.052344 0.128906
8.0 0.804688 0.497656 0.059375 0.128906
7.0 0.746875 0.136719 0.055469 0.118750
7.0 0.826563 0.613281 0.072656 0.123438
9.0 0.742188 0.067188 0.049219 0.102344
9.0 0.840625 0.732813 0.069531 0.122656
6.0 0.739062 0.735937 0.050781 0.102344
6.0 0.724219 0.614844 0.051563 0.097656
6.0 0.711719 0.510156 0.050000 0.096094
6.0 0.699219 0.404687 0.044531 0.095312
6.0 0.685938 0.307813 0.043750 0.095312
6.0 0.674219 0.227344 0.045313 0.094531
6.0 0.666406 0.146094 0.041406 0.092187
6.0 0.660937 0.060938 0.038281 0.097656
4.0 0.189844 0.278125 0.063281 0.166406
5.0 0.174219 0.364844 0.067187 0.192969
2.0 0.192188 0.203906 0.050000 0.128906
2.0 0.159375 0.489844 0.059375 0.137500
1.0 0.199219 0.128906 0.056250 0.121875
1.0 0.157031 0.622656 0.066406 0.132031
3.0 0.208594 0.053125 0.049219 0.106250
3.0 0.140625 0.748438 0.071094 0.135937
0.0 0.282031 0.058594 0.044531 0.089062
0.0 0.282031 0.139062 0.045313 0.090625
0.0 0.281250 0.224219 0.042969 0.096875
0.0 0.275781 0.307813 0.050000 0.097656
0.0 0.273438 0.409375 0.053906 0.100781
0.0 0.264844 0.511719 0.053906 0.098438
0.0 0.264062 0.613281 0.051562 0.106250
0.0 0.254687 0.734375 0.051562 0.111719
