8.0 0.739722 0.623226 0.057033 0.138449
0.0 0.464124 0.752937 0.054871 0.109306
10.0 0.810904 0.297565 0.075065 0.161137
11.0 0.824306 0.378009 0.074578 0.196109
8.0 0.776940 0.212043 0.052926 0.138351
9.0 0.877425 0.746429 0.077023 0.135499
9.0 0.762345 0.060702 0.054457 0.119832
7.0 0.449951 0.400494 0.055809 0.143722
7.0 0.603546 0.126263 0.050611 0.132531
6.0 0.678062 0.056365 0.046288 0.094977
6.0 0.685222 0.140953 0.041294 0.097797
6.0 0.697319 0.226154 0.048723 0.103117
6.0 0.724068 0.407223 0.050974 0.104030
6.0 0.734767 0.514163 0.051699 0.105581
6.0 0.672843 0.757249 0.056182 0.114737
6.0 0.640207 0.629262 0.056399 0.110899
6.0 0.529714 0.302621 0.046272 0.104362
4.0 0.168940 0.277637 0.074903 0.179151
5.0 0.157094 0.369593 0.084025 0.198793
2.0 0.173293 0.198179 0.057641 0.141376
2.0 0.144465 0.500266 0.066391 0.144764
3.0 0.253470 0.767315 0.075520 0.137610
3.0 0.188026 0.048351 0.057027 0.096702
1.0 0.362976 0.195383 0.056355 0.137745
1.0 0.154845 0.617997 0.077603 0.151356
0.0 0.443921 0.303233 0.049288 0.106403
0.0 0.431449 0.135204 0.050246 0.104758
0.0 0.273562 0.048805 0.045146 0.097610
0.0 0.272911 0.221203 0.052016 0.108416
0.0 0.270116 0.416507 0.051067 0.107799
0.0 0.262085 0.524120 0.053571 0.105371
0.0 0.261798 0.633106 0.057034 0.110316
