1.0 0.452344 0.647656 0.067969 0.160938
5.0 0.164844 0.303906 0.077344 0.205469
4.0 0.345313 0.146094 0.062500 0.178906
2.0 0.438281 0.432813 0.067187 0.142969
3.0 0.424219 0.158594 0.060156 0.125781
0.0 0.440625 0.327344 0.053906 0.105469
0.0 0.274219 0.170312 0.064062 0.114844
0.0 0.260156 0.339063 0.053125 0.110937
0.0 0.353906 0.564062 0.053906 0.125781
9.0 0.270312 0.074219 0.062500 0.130469
7.0 0.246875 0.646094 0.078125 0.161719
8.0 0.508594 0.234375 0.050000 0.146094
11.0 0.769531 0.300000 0.082813 0.200000
6.0 0.685156 0.341406 0.049219 0.113281
6.0 0.542188 0.663281 0.052344 0.124219
6.0 0.608594 0.539062 0.052344 0.118750
