9.0 0.649151 0.069058 0.064803 0.123908
9.0 0.804856 0.739695 0.093159 0.159131
11.0 0.807058 0.372591 0.101571 0.214945
10.0 0.627158 0.297391 0.089530 0.193546
6.0 0.710648 0.407582 0.068270 0.121521
6.0 0.713266 0.229957 0.060072 0.111548
6.0 0.711048 0.144218 0.057653 0.104976
6.0 0.580009 0.063722 0.060502 0.114684
6.0 0.623789 0.508806 0.060932 0.117820
6.0 0.545565 0.303594 0.061631 0.111848
7.0 0.638787 0.133315 0.060609 0.137605
7.0 0.459544 0.393043 0.087945 0.154311
2.0 0.429399 0.601555 0.085929 0.156214
5.0 0.195083 0.357005 0.105791 0.218046
4.0 0.395667 0.292685 0.088132 0.183354
1.0 0.409535 0.191549 0.073054 0.145341
1.0 0.153886 0.595167 0.103023 0.170188
3.0 0.222796 0.738082 0.090633 0.151775
3.0 0.271116 0.063629 0.071955 0.091198
0.0 0.250491 0.609710 0.066819 0.122006
0.0 0.347326 0.060777 0.064735 0.098034
0.0 0.330544 0.212742 0.073081 0.117867
0.0 0.465906 0.295685 0.064937 0.119354
0.0 0.414565 0.738049 0.080016 0.135230
