10.0 0.788281 0.288281 0.059375 0.142969
11.0 0.792969 0.368750 0.078125 0.182813
8.0 0.761719 0.215625 0.051563 0.126563
8.0 0.803906 0.499219 0.058594 0.126562
9.0 0.746094 0.133594 0.054688 0.114844
9.0 0.826563 0.609375 0.071094 0.130469
9.0 0.742969 0.066406 0.048437 0.107031
9.0 0.839063 0.734375 0.074219 0.128125
6.0 0.659375 0.064844 0.041406 0.093750
6.0 0.664844 0.144531 0.042969 0.092187
6.0 0.675000 0.225000 0.045313 0.094531
6.0 0.685156 0.303906 0.045313 0.106250
6.0 0.699219 0.399219 0.041406 0.102344
6.0 0.711719 0.502344 0.043750 0.106250
6.0 0.725000 0.613281 0.046875 0.105469
6.0 0.739062 0.734375 0.052344 0.115625
4.0 0.188281 0.278906 0.064844 0.164844
5.0 0.175000 0.364062 0.067969 0.190625
2.0 0.192969 0.203906 0.052344 0.128906
2.0 0.160156 0.485938 0.060156 0.137500
1.0 0.200000 0.128906 0.054688 0.118750
1.0 0.156250 0.620313 0.067969 0.135156
3.0 0.143750 0.745313 0.067188 0.140625
3.0 0.208594 0.053125 0.050781 0.106250
0.0 0.282031 0.057031 0.046875 0.087500
0.0 0.282031 0.138281 0.047656 0.091406
0.0 0.281250 0.223438 0.046094 0.096875
0.0 0.273437 0.309375 0.056250 0.098437
0.0 0.273438 0.410937 0.057031 0.104688
0.0 0.261719 0.512500 0.058594 0.095312
0.0 0.261719 0.615625 0.060938 0.105469
0.0 0.250781 0.738281 0.060938 0.103906
