1.0 0.489008 0.655504 0.110275 0.173891
8.0 0.422294 0.446846 0.098995 0.160378
4.0 0.262073 0.195629 0.110755 0.197250
5.0 0.123294 0.396686 0.127001 0.216286
3.0 0.102917 0.179940 0.093690 0.142797
0.0 0.194856 0.235022 0.086874 0.124820
0.0 0.226111 0.406928 0.089537 0.126925
0.0 0.308911 0.371534 0.075897 0.120540
0.0 0.377348 0.599122 0.088816 0.129553
7.0 0.287301 0.699403 0.111893 0.182762
9.0 0.464283 0.076497 0.086295 0.138749
8.0 0.440908 0.243317 0.094820 0.157877
6.0 0.338600 0.210329 0.079514 0.123598
6.0 0.639175 0.300456 0.079422 0.131318
6.0 0.582939 0.650306 0.083271 0.137958
6.0 0.614585 0.512009 0.085956 0.126692
11.0 0.711273 0.239596 0.132455 0.215601
