10.0 0.791558 0.321110 0.075204 0.161686
11.0 0.792864 0.394195 0.080529 0.192512
8.0 0.808885 0.521978 0.062322 0.135614
8.0 0.767323 0.234944 0.053510 0.130140
7.0 0.759840 0.159725 0.063721 0.115516
7.0 0.821327 0.642371 0.077438 0.126106
9.0 0.762404 0.087778 0.050857 0.106560
9.0 0.828154 0.765390 0.073042 0.131927
6.0 0.728082 0.757805 0.056289 0.106279
6.0 0.718874 0.635353 0.053946 0.106065
6.0 0.709756 0.527817 0.047441 0.100024
6.0 0.702837 0.423620 0.049076 0.101730
6.0 0.694846 0.325602 0.049676 0.097895
6.0 0.688507 0.242641 0.045097 0.099810
6.0 0.682096 0.161244 0.045515 0.092069
6.0 0.681227 0.078784 0.044134 0.095832
4.0 0.201733 0.249897 0.069464 0.172052
5.0 0.182144 0.333624 0.072934 0.196485
2.0 0.207494 0.176674 0.054510 0.134899
2.0 0.162264 0.457338 0.061541 0.135543
1.0 0.229135 0.099412 0.056672 0.131208
1.0 0.162424 0.571901 0.072170 0.146628
3.0 0.132296 0.713507 0.068718 0.139311
3.0 0.231808 0.039201 0.050857 0.078402
0.0 0.308153 0.043305 0.042754 0.086610
0.0 0.302028 0.117848 0.046296 0.092140
0.0 0.295611 0.205134 0.045951 0.101444
0.0 0.286288 0.287446 0.053019 0.102868
0.0 0.282343 0.389080 0.052238 0.102797
0.0 0.263408 0.492481 0.058669 0.107275
0.0 0.259462 0.594115 0.055690 0.110114
0.0 0.241962 0.717262 0.059487 0.108127
