9.0 0.848437 0.710938 0.084375 0.140625
11.0 0.801562 0.466406 0.103125 0.210938
10.0 0.585156 0.285156 0.073437 0.179688
1.0 0.483594 0.134375 0.073437 0.134375
6.0 0.495312 0.062500 0.053125 0.103125
6.0 0.687500 0.392188 0.059375 0.118750
6.0 0.657031 0.216406 0.060937 0.104687
6.0 0.503906 0.301563 0.054688 0.109375
6.0 0.624219 0.494531 0.060937 0.117188
7.0 0.432812 0.396875 0.068750 0.140625
1.0 0.165625 0.617188 0.084375 0.150000
4.0 0.348437 0.297656 0.075000 0.173438
5.0 0.260937 0.379687 0.087500 0.200000
0.0 0.267969 0.629687 0.064062 0.115625
3.0 0.267188 0.757031 0.078125 0.142188
3.0 0.178906 0.071094 0.067187 0.110937
0.0 0.256250 0.039844 0.059375 0.057813
0.0 0.424219 0.307031 0.064062 0.107813
0.0 0.270313 0.232031 0.053125 0.117188
2.0 0.442187 0.600781 0.075000 0.151562
0.0 0.458594 0.737500 0.067188 0.121875
