9.0 0.893844 0.713066 0.100957 0.148521
11.0 0.727675 0.253618 0.110892 0.214157
9.0 0.653483 0.057676 0.075975 0.115352
10.0 0.504488 0.421303 0.090547 0.184425
7.0 0.662896 0.628728 0.089407 0.158250
7.0 0.564455 0.320409 0.079732 0.146072
6.0 0.790425 0.733816 0.077568 0.126385
6.0 0.611446 0.518284 0.069771 0.112329
6.0 0.571655 0.655168 0.072304 0.117991
6.0 0.653251 0.315080 0.068520 0.113581
6.0 0.470987 0.266217 0.070967 0.114776
6.0 0.515163 0.165865 0.069914 0.113097
8.0 0.572454 0.065739 0.076517 0.131477
8.0 0.368020 0.568153 0.082407 0.152502
2.0 0.126037 0.214125 0.084626 0.148463
3.0 0.127368 0.152698 0.072191 0.125388
5.0 0.150016 0.467910 0.109611 0.207244
4.0 0.282033 0.181250 0.094047 0.187298
1.0 0.321768 0.361401 0.083487 0.142317
1.0 0.175635 0.606182 0.096689 0.145505
2.0 0.179031 0.723145 0.094698 0.154780
0.0 0.285068 0.712239 0.074410 0.121348
0.0 0.251674 0.484829 0.081238 0.118163
0.0 0.232546 0.385877 0.069231 0.117422
0.0 0.216684 0.218783 0.071394 0.117081
0.0 0.338531 0.108807 0.067752 0.113439
0.0 0.374622 0.265002 0.069003 0.112187
