4.0 0.297117 0.170500 0.091714 0.187332
5.0 0.141766 0.355038 0.106158 0.214392
1.0 0.472631 0.652215 0.087976 0.171642
9.0 0.211790 0.108411 0.078304 0.130097
3.0 0.378982 0.174690 0.076079 0.141153
2.0 0.431793 0.441800 0.079591 0.160600
0.0 0.230894 0.204337 0.063511 0.116632
0.0 0.240737 0.374165 0.071685 0.120822
0.0 0.328379 0.352288 0.070021 0.125134
0.0 0.366322 0.581261 0.074991 0.128112
7.0 0.265214 0.680793 0.093172 0.170862
8.0 0.470498 0.235903 0.074956 0.154638
11.0 0.742036 0.264526 0.114441 0.219355
6.0 0.660869 0.320993 0.067714 0.114195
6.0 0.612559 0.520359 0.069022 0.128783
6.0 0.564106 0.657411 0.076209 0.126010
