10.0 0.520312 0.420312 0.065625 0.184375
7.0 0.593750 0.332813 0.053125 0.146875
7.0 0.638281 0.655469 0.070312 0.154687
11.0 0.767188 0.300000 0.078125 0.196875
9.0 0.732813 0.085156 0.056250 0.126562
9.0 0.846875 0.782813 0.078125 0.140625
6.0 0.742969 0.782031 0.064063 0.123437
6.0 0.681250 0.342969 0.053125 0.114063
6.0 0.574219 0.175000 0.045313 0.106250
6.0 0.607031 0.539062 0.054688 0.106250
6.0 0.541406 0.662500 0.057813 0.115625
6.0 0.511719 0.264844 0.048437 0.117188
8.0 0.653125 0.080469 0.053125 0.142187
8.0 0.356250 0.537500 0.059375 0.146875
3.0 0.196875 0.085938 0.056250 0.128125
5.0 0.163281 0.400781 0.073438 0.198437
1.0 0.348437 0.329688 0.059375 0.137500
1.0 0.161719 0.545312 0.073437 0.140625
2.0 0.186719 0.150000 0.057813 0.140625
2.0 0.142969 0.661719 0.067188 0.135938
4.0 0.272656 0.220313 0.073438 0.162500
0.0 0.272656 0.165625 0.048437 0.100000
0.0 0.411719 0.085938 0.048437 0.103125
0.0 0.417187 0.248438 0.046875 0.106250
0.0 0.259375 0.339063 0.046875 0.106250
0.0 0.257812 0.439063 0.053125 0.109375
0.0 0.250781 0.667188 0.057812 0.115625
