9.0 0.909375 0.725781 0.084375 0.148438
11.0 0.779687 0.582031 0.106250 0.229688
10.0 0.639844 0.272656 0.082813 0.185937
6.0 0.730469 0.198437 0.054688 0.115625
6.0 0.671875 0.494531 0.059375 0.123438
6.0 0.549219 0.289062 0.060937 0.118750
7.0 0.467188 0.391406 0.087500 0.154687
4.0 0.378125 0.288281 0.081250 0.198438
5.0 0.278125 0.369531 0.087500 0.220312
0.0 0.458594 0.292969 0.067188 0.120313
0.0 0.380469 0.132812 0.060938 0.115625
0.0 0.289062 0.060156 0.056250 0.095313
0.0 0.270313 0.625000 0.075000 0.134375
3.0 0.187500 0.214062 0.075000 0.140625
3.0 0.693750 0.721875 0.087500 0.165625
