10 0.7828125 0.29765625 0.06953125 0.15859375
11 0.790625 0.36953125 0.075 0.1828125
8 0.81171875 0.4921875 0.06015625 0.1328125
8 0.75546875 0.21171875 0.05234375 0.1234375
7 0.74453125 0.13515625 0.05625 0.1140625
7 0.82734375 0.6078125 0.0734375 0.11875
9 0.8421875 0.734375 0.07109375 0.12734375
9 0.7421875 0.06484375 0.04921875 0.10234375
6 0.66015625 0.06640625 0.03984375 0.09375
6 0.66640625 0.1453125 0.0390625 0.09140625
6 0.678125 0.2265625 0.04140625 0.09453125
6 0.6859375 0.30703125 0.040625 0.09453125
6 0.6984375 0.4015625 0.04765625 0.09609375
6 0.709375 0.50859375 0.05234375 0.10234375
6 0.725 0.61640625 0.0484375 0.1078125
6 0.73984375 0.7375 0.05234375 0.10625
4 0.1890625 0.278125 0.05859375 0.16640625
5 0.1765625 0.36328125 0.06640625 0.190625
2 0.1953125 0.20234375 0.04765625 0.1328125
2 0.1625 0.48828125 0.05390625 0.12890625
1 0.21015625 0.12578125 0.0515625 0.12421875
1 0.16875 0.60234375 0.0609375 0.13828125
3 0.14140625 0.746875 0.0671875 0.1328125
3 0.2109375 0.05234375 0.04609375 0.10390625
0 0.28515625 0.13984375 0.04296875 0.0953125
0 0.2875 0.05859375 0.0390625 0.0953125
0 0.28359375 0.22265625 0.040625 0.09453125
0 0.278125 0.309375 0.04296875 0.1
0 0.27734375 0.409375 0.0453125 0.09765625
0 0.2671875 0.51328125 0.0453125 0.09453125
0 0.265625 0.61328125 0.04921875 0.10234375
0 0.25234375 0.7359375 0.0609375 0.109375
