10.0 0.513998 0.418587 0.125969 0.198740
7.0 0.579732 0.319764 0.102145 0.157495
7.0 0.653708 0.630345 0.120648 0.169861
11.0 0.750760 0.257799 0.143676 0.213028
9.0 0.695445 0.062623 0.095435 0.117175
9.0 0.874551 0.720314 0.125171 0.157558
6.0 0.770232 0.737282 0.103840 0.136717
6.0 0.668442 0.314842 0.091080 0.126483
6.0 0.545806 0.167473 0.079374 0.115098
6.0 0.611785 0.520887 0.089294 0.118974
6.0 0.557153 0.653816 0.094742 0.126686
6.0 0.492043 0.266607 0.086891 0.126857
8.0 0.615387 0.068997 0.097818 0.136249
8.0 0.360037 0.562156 0.108929 0.160592
3.0 0.159063 0.143290 0.098585 0.140359
5.0 0.154019 0.460274 0.137919 0.213013
1.0 0.333329 0.358559 0.105845 0.151347
1.0 0.165575 0.603069 0.119414 0.157542
2.0 0.154761 0.208969 0.105048 0.153269
2.0 0.157050 0.717980 0.113670 0.155410
4.0 0.246582 0.263770 0.126880 0.177768
0.0 0.242329 0.208937 0.082278 0.110873
0.0 0.374684 0.107385 0.083049 0.113184
0.0 0.394927 0.266699 0.080415 0.116063
0.0 0.243970 0.382370 0.081983 0.116452
0.0 0.252337 0.481888 0.090322 0.122056
0.0 0.265998 0.708050 0.095513 0.128997
