9.0 0.815257 0.116240 0.067209 0.117001
6.0 0.693207 0.771387 0.070700 0.119862
9.0 0.793374 0.792615 0.091924 0.138565
0.0 0.215681 0.690082 0.074973 0.114681
3.0 0.105886 0.678232 0.089957 0.144162
1.0 0.280992 0.081072 0.077807 0.134533
7.0 0.804247 0.181732 0.074808 0.130273
0.0 0.351816 0.106539 0.056825 0.096532
6.0 0.725143 0.180176 0.057517 0.100377
2.0 0.252173 0.152880 0.070597 0.139929
8.0 0.798985 0.259374 0.066274 0.132454
0.0 0.334405 0.189929 0.055488 0.101499
6.0 0.722126 0.262986 0.055072 0.099192
4.0 0.232164 0.228658 0.089488 0.174576
10.0 0.813866 0.348584 0.092577 0.166950
0.0 0.314334 0.270458 0.060240 0.103099
6.0 0.716802 0.345379 0.059748 0.104498
5.0 0.203220 0.309970 0.098536 0.200012
11.0 0.811112 0.421121 0.105192 0.191541
6.0 0.711983 0.438183 0.062055 0.104914
0.0 0.297995 0.369919 0.061286 0.104775
2.0 0.168670 0.426787 0.078639 0.139146
8.0 0.801595 0.548801 0.085697 0.141162
6.0 0.706345 0.544335 0.064361 0.105330
0.0 0.267893 0.470867 0.065054 0.109174
3.0 0.294925 0.031659 0.063025 0.063317
0.0 0.368396 0.038975 0.057517 0.077950
1.0 0.154173 0.542456 0.090158 0.149405
7.0 0.801568 0.667872 0.095491 0.137720
6.0 0.699385 0.653424 0.070575 0.110913
0.0 0.247925 0.572849 0.066730 0.110220
6.0 0.734942 0.099383 0.055627 0.102268
