3.0 0.196875 0.085156 0.055469 0.121875
1.0 0.236719 0.791406 0.082031 0.153125
5.0 0.161719 0.409375 0.080469 0.203125
4.0 0.345313 0.146875 0.058594 0.175000
1.0 0.350000 0.323438 0.062500 0.126562
2.0 0.187500 0.153906 0.057813 0.142188
2.0 0.355469 0.424219 0.062500 0.136719
0.0 0.417188 0.246875 0.049219 0.109375
0.0 0.411719 0.084375 0.052344 0.106250
0.0 0.272656 0.167969 0.049219 0.107031
0.0 0.257813 0.340625 0.049219 0.107031
0.0 0.259375 0.435937 0.060156 0.110937
0.0 0.250000 0.668750 0.057031 0.117969
8.0 0.651563 0.084375 0.056250 0.147656
7.0 0.635156 0.657812 0.064844 0.160938
7.0 0.593750 0.337500 0.059375 0.150781
8.0 0.360156 0.538281 0.064062 0.142187
10.0 0.517187 0.424219 0.065625 0.182813
11.0 0.767969 0.300000 0.082031 0.202344
9.0 0.803125 0.535938 0.070312 0.145313
9.0 0.731250 0.086719 0.056250 0.128906
6.0 0.575000 0.171094 0.044531 0.109375
6.0 0.511719 0.263281 0.048437 0.103125
6.0 0.682813 0.345313 0.050781 0.109375
6.0 0.606250 0.535937 0.056250 0.114844
6.0 0.539844 0.668750 0.054688 0.110156
6.0 0.742188 0.781250 0.062500 0.121875
