8.0 0.596875 0.157031 0.052344 0.146094
11.0 0.769531 0.300000 0.082031 0.195312
7.0 0.243750 0.640625 0.070312 0.157031
7.0 0.350781 0.433594 0.067187 0.149219
6.0 0.742188 0.788281 0.060938 0.117969
6.0 0.685938 0.344531 0.053906 0.112500
6.0 0.608594 0.538281 0.051563 0.114844
6.0 0.541406 0.667188 0.059375 0.122656
9.0 0.571094 0.079687 0.052344 0.128125
9.0 0.510156 0.343750 0.057031 0.126562
3.0 0.196875 0.088281 0.056250 0.123438
6.0 0.418750 0.182812 0.048437 0.110938
5.0 0.168750 0.307031 0.082813 0.201562
1.0 0.236719 0.789062 0.082812 0.154688
2.0 0.186719 0.145313 0.064844 0.158594
4.0 0.348437 0.148438 0.063281 0.185156
0.0 0.273438 0.166406 0.051562 0.108594
0.0 0.259375 0.339844 0.053906 0.114844
0.0 0.260156 0.436719 0.057813 0.112500
0.0 0.356250 0.562500 0.057813 0.116406
