8.0 0.528376 0.146566 0.100415 0.166321
11.0 0.759544 0.250210 0.146018 0.224232
7.0 0.278810 0.740477 0.124174 0.180936
7.0 0.336700 0.497986 0.118373 0.172464
6.0 0.868477 0.759837 0.099815 0.136871
6.0 0.680616 0.318128 0.091676 0.130852
6.0 0.651279 0.538421 0.089704 0.131959
6.0 0.614542 0.688821 0.100567 0.141864
9.0 0.477393 0.073322 0.095474 0.146644
9.0 0.486773 0.363096 0.099934 0.146477
3.0 0.063429 0.178619 0.100085 0.144654
6.0 0.338649 0.219646 0.086526 0.128762
5.0 0.097021 0.414315 0.152728 0.232138
1.0 0.314428 0.895174 0.136997 0.181560
2.0 0.069039 0.240906 0.120142 0.183500
4.0 0.250332 0.201962 0.125342 0.210513
0.0 0.172164 0.240383 0.089929 0.127404
0.0 0.207765 0.424777 0.094113 0.133810
0.0 0.237172 0.525176 0.097582 0.132028
0.0 0.380420 0.629985 0.098056 0.135547
