9.0 0.851562 0.742188 0.075000 0.134375
11.0 0.739062 0.600000 0.081250 0.203125
10.0 0.617188 0.293750 0.062500 0.165625
6.0 0.697656 0.226562 0.048438 0.103125
6.0 0.714844 0.403906 0.051562 0.104687
6.0 0.639063 0.503125 0.053125 0.106250
6.0 0.534375 0.296094 0.053125 0.101562
7.0 0.457031 0.384375 0.057813 0.134375
2.0 0.454688 0.596094 0.062500 0.142188
4.0 0.378125 0.282031 0.065625 0.173438
5.0 0.285938 0.356250 0.071875 0.193750
1.0 0.371875 0.482031 0.059375 0.142187
0.0 0.454688 0.296094 0.046875 0.101562
0.0 0.307031 0.202344 0.045313 0.104688
0.0 0.276562 0.601562 0.056250 0.112500
0.0 0.306250 0.047656 0.046875 0.095312
3.0 0.230469 0.047656 0.057813 0.095312
3.0 0.657031 0.720312 0.067188 0.146875
