9.0 0.898149 0.830872 0.106528 0.201308
11.0 0.852482 0.534562 0.120108 0.249032
10.0 0.609615 0.299456 0.081608 0.199646
6.0 0.696829 0.228855 0.062118 0.126474
6.0 0.724639 0.429003 0.068645 0.126832
6.0 0.639756 0.544069 0.070641 0.131676
6.0 0.524921 0.048083 0.043407 0.096166
6.0 0.519221 0.307844 0.060084 0.118634
7.0 0.437086 0.410565 0.076484 0.160817
1.0 0.510663 0.120924 0.064157 0.150278
2.0 0.435708 0.650923 0.072939 0.175722
5.0 0.245811 0.375775 0.086830 0.224157
4.0 0.350160 0.292498 0.071512 0.206183
1.0 0.340427 0.517011 0.074534 0.170951
3.0 0.190223 0.045270 0.058492 0.090540
0.0 0.270601 0.043674 0.053321 0.087348
0.0 0.268142 0.206303 0.056653 0.117235
0.0 0.431553 0.303355 0.054209 0.112588
0.0 0.437383 0.815541 0.073928 0.137922
0.0 0.234577 0.660081 0.066941 0.131697
3.0 0.222694 0.813749 0.091269 0.171294
