8.0 0.709375 0.610937 0.052344 0.134375
0.0 0.447656 0.732813 0.049219 0.104687
10.0 0.782031 0.294531 0.069531 0.156250
11.0 0.793750 0.372656 0.068750 0.190625
8.0 0.750781 0.211719 0.048437 0.133594
9.0 0.839844 0.733594 0.072656 0.132031
9.0 0.739062 0.065625 0.050000 0.114844
7.0 0.440625 0.393750 0.049219 0.137500
7.0 0.588281 0.130469 0.045313 0.126563
6.0 0.659375 0.062500 0.042187 0.090625
6.0 0.664844 0.143750 0.037500 0.093750
6.0 0.675000 0.225781 0.044531 0.099219
6.0 0.697656 0.400781 0.046875 0.100781
6.0 0.706250 0.504688 0.047656 0.102344
6.0 0.643750 0.740625 0.051563 0.110937
6.0 0.614844 0.615625 0.051563 0.107031
6.0 0.516406 0.300000 0.041406 0.100000
4.0 0.185937 0.277344 0.064063 0.168750
5.0 0.173438 0.364062 0.071875 0.187500
2.0 0.191406 0.202344 0.049219 0.132813
2.0 0.159375 0.487500 0.057031 0.136719
3.0 0.253125 0.742969 0.066406 0.130469
3.0 0.207813 0.053125 0.049219 0.106250
1.0 0.364062 0.198437 0.049219 0.130469
1.0 0.166406 0.599219 0.067187 0.142969
0.0 0.436719 0.300781 0.043750 0.101562
0.0 0.428125 0.140625 0.044531 0.099219
0.0 0.285156 0.057031 0.039062 0.098438
0.0 0.281250 0.223438 0.045313 0.102344
0.0 0.275000 0.408594 0.044531 0.102344
0.0 0.265625 0.510938 0.046875 0.100000
0.0 0.263281 0.614844 0.050000 0.104687
