1.0 0.321111 0.347655 0.078589 0.162207
5.0 0.106576 0.447240 0.103037 0.233888
1.0 0.117740 0.617207 0.094397 0.161429
2.0 0.104194 0.748481 0.086780 0.162208
3.0 0.336813 0.865929 0.086059 0.157868
3.0 0.123284 0.069912 0.073601 0.139824
2.0 0.114113 0.144503 0.085535 0.176471
0.0 0.215436 0.370768 0.073778 0.117984
0.0 0.222114 0.750593 0.067692 0.121698
0.0 0.220274 0.151904 0.059426 0.123791
0.0 0.224516 0.486213 0.066151 0.121442
4.0 0.225743 0.222498 0.087138 0.210915
0.0 0.384479 0.057468 0.061987 0.114937
0.0 0.396947 0.246245 0.061567 0.126249
0.0 0.424968 0.618661 0.064264 0.125283
0.0 0.456660 0.872537 0.069864 0.124026
11.0 0.826098 0.293259 0.095055 0.246688
7.0 0.879703 0.582976 0.090084 0.161031
9.0 0.916357 0.856349 0.088085 0.158119
9.0 0.775301 0.049945 0.068988 0.099889
8.0 0.675504 0.058480 0.068696 0.116960
8.0 0.339056 0.602052 0.080533 0.159423
6.0 0.334165 0.491564 0.060608 0.118622
6.0 0.586685 0.149202 0.055866 0.128745
6.0 0.496131 0.054924 0.057008 0.109848
6.0 0.511063 0.263617 0.059667 0.126119
6.0 0.562600 0.734658 0.060877 0.126383
6.0 0.794835 0.860595 0.063702 0.122568
10.0 0.744805 0.431032 0.089935 0.213634
7.0 0.626690 0.353003 0.080578 0.175781
6.0 0.716014 0.350093 0.063511 0.133597
6.0 0.622182 0.592660 0.067619 0.131274
