11.0 0.840356 0.331924 0.152902 0.225818
10.0 0.553395 0.435020 0.132965 0.202738
8.0 0.729769 0.090291 0.107841 0.161910
9.0 0.819837 0.103403 0.097675 0.137289
9.0 0.881423 0.838326 0.133588 0.166418
6.0 0.764913 0.828305 0.107949 0.136461
7.0 0.663563 0.685489 0.130905 0.179857
7.0 0.654276 0.353917 0.112345 0.161849
6.0 0.742058 0.366953 0.088604 0.120170
6.0 0.640618 0.181432 0.086243 0.121691
6.0 0.560508 0.264826 0.086919 0.122596
6.0 0.639304 0.564764 0.091653 0.127941
6.0 0.554786 0.689576 0.097342 0.132146
6.0 0.366343 0.443858 0.088883 0.118819
8.0 0.360305 0.542446 0.116342 0.166749
0.0 0.297868 0.139868 0.088862 0.125667
4.0 0.298196 0.196094 0.125741 0.194265
5.0 0.150590 0.376355 0.150737 0.224489
1.0 0.136669 0.524877 0.133139 0.167713
2.0 0.198985 0.113587 0.124450 0.163262
2.0 0.104263 0.647586 0.124165 0.166917
1.0 0.374903 0.315766 0.115243 0.157033
3.0 0.221581 0.070922 0.111899 0.106773
0.0 0.463166 0.068616 0.090315 0.127353
0.0 0.453324 0.240688 0.091495 0.127964
0.0 0.267031 0.317419 0.092866 0.124900
0.0 0.255911 0.423250 0.100292 0.127542
0.0 0.219744 0.661214 0.109279 0.139274
0.0 0.437945 0.566376 0.091592 0.127638
