3.0 0.421573 0.336026 0.073087 0.141041
2.0 0.434728 0.426971 0.073608 0.152711
1.0 0.466296 0.643377 0.080473 0.165619
4.0 0.314487 0.136603 0.094638 0.195345
5.0 0.148538 0.278858 0.110021 0.222058
9.0 0.235189 0.058750 0.071523 0.117500
7.0 0.256469 0.625731 0.097681 0.173855
0.0 0.246394 0.149473 0.067960 0.115852
0.0 0.245314 0.320055 0.072218 0.119265
0.0 0.359675 0.550263 0.073174 0.120885
11.0 0.754210 0.316869 0.112020 0.212123
6.0 0.669595 0.354908 0.061963 0.110761
6.0 0.607859 0.543558 0.072305 0.127025
6.0 0.556405 0.670124 0.076737 0.132002
