8.0 0.596094 0.156250 0.051562 0.146875
11.0 0.768750 0.299219 0.081250 0.195312
7.0 0.242969 0.646875 0.070312 0.143750
7.0 0.350781 0.432812 0.067188 0.150000
6.0 0.741406 0.787500 0.060937 0.118750
6.0 0.685156 0.343750 0.054688 0.112500
6.0 0.607813 0.537500 0.053125 0.115625
6.0 0.540625 0.666406 0.059375 0.123437
9.0 0.570312 0.078906 0.053125 0.126562
9.0 0.509375 0.342969 0.056250 0.126563
3.0 0.196875 0.088281 0.056250 0.123437
6.0 0.417969 0.182031 0.048438 0.110937
5.0 0.167969 0.305469 0.082813 0.201563
1.0 0.235937 0.788281 0.081250 0.154687
2.0 0.185938 0.144531 0.065625 0.157813
4.0 0.347656 0.147656 0.064063 0.185938
0.0 0.272656 0.165625 0.051563 0.109375
0.0 0.258594 0.339062 0.054688 0.115625
0.0 0.259375 0.435156 0.059375 0.110937
0.0 0.355469 0.561719 0.057813 0.117188
