10.0 0.596875 0.291406 0.118750 0.195312
11.0 0.807813 0.489844 0.140625 0.226562
9.0 0.840625 0.741406 0.121875 0.167187
6.0 0.696875 0.410156 0.081250 0.123437
6.0 0.674219 0.230469 0.079688 0.110938
6.0 0.660937 0.146875 0.075000 0.112500
6.0 0.517188 0.065625 0.071875 0.109375
6.0 0.514062 0.300781 0.081250 0.126563
6.0 0.624219 0.507031 0.092187 0.132813
7.0 0.438281 0.390625 0.101562 0.153125
3.0 0.203906 0.062500 0.085938 0.087500
3.0 0.253906 0.737500 0.104688 0.153125
5.0 0.263281 0.361719 0.129688 0.217188
1.0 0.506250 0.135937 0.093750 0.156250
1.0 0.162500 0.592188 0.115625 0.162500
2.0 0.440625 0.601562 0.100000 0.153125
4.0 0.360156 0.285938 0.110938 0.193750
0.0 0.432812 0.298438 0.078125 0.115625
0.0 0.281250 0.060156 0.078125 0.095313
0.0 0.282031 0.208594 0.079688 0.117188
0.0 0.257812 0.608594 0.090625 0.129688
0.0 0.446875 0.737500 0.093750 0.131250
