1.0 0.492215 0.655644 0.109307 0.179476
5.0 0.124689 0.404554 0.130183 0.226503
4.0 0.258383 0.202035 0.108540 0.195868
2.0 0.422817 0.452466 0.103865 0.161338
3.0 0.338001 0.192052 0.092418 0.142234
0.0 0.397699 0.350142 0.080935 0.120232
0.0 0.195862 0.245232 0.093458 0.132417
0.0 0.226069 0.411830 0.081579 0.125468
0.0 0.375233 0.602548 0.086209 0.140489
9.0 0.167129 0.153691 0.095963 0.147563
7.0 0.292940 0.711510 0.119599 0.183091
8.0 0.439344 0.241544 0.087603 0.159655
11.0 0.708942 0.231945 0.134195 0.222576
6.0 0.638029 0.295419 0.078307 0.126714
6.0 0.583231 0.645620 0.084251 0.138495
6.0 0.615249 0.507333 0.082831 0.133041
