11.0 0.770312 0.301562 0.078125 0.193750
10.0 0.521094 0.425000 0.064062 0.174219
8.0 0.651563 0.080469 0.053906 0.138281
9.0 0.733594 0.084375 0.052344 0.115625
9.0 0.847656 0.784375 0.078906 0.135937
6.0 0.741406 0.783594 0.062500 0.111719
7.0 0.639063 0.654688 0.070312 0.150781
7.0 0.604688 0.339063 0.057812 0.137500
6.0 0.684375 0.343750 0.048437 0.100781
6.0 0.578906 0.175781 0.045313 0.102344
6.0 0.514063 0.262500 0.045313 0.103125
6.0 0.607813 0.541406 0.048437 0.107813
6.0 0.542188 0.667188 0.052344 0.110156
6.0 0.356250 0.449219 0.047656 0.098437
8.0 0.358594 0.542969 0.058594 0.140625
0.0 0.272656 0.167969 0.045313 0.104688
4.0 0.277344 0.221094 0.058594 0.165625
5.0 0.162500 0.403906 0.071875 0.189844
1.0 0.161719 0.544531 0.073438 0.135937
2.0 0.184375 0.152344 0.067188 0.132812
2.0 0.142969 0.662500 0.064844 0.137500
1.0 0.353906 0.327344 0.060938 0.130469
3.0 0.196094 0.086719 0.063281 0.128125
0.0 0.412500 0.085156 0.046875 0.106250
0.0 0.417188 0.249219 0.047656 0.107031
0.0 0.259375 0.338281 0.049219 0.103125
0.0 0.257812 0.439063 0.055469 0.103906
0.0 0.244531 0.666406 0.060156 0.113281
0.0 0.428906 0.559375 0.047656 0.107031
