11.0 0.773128 0.663567 0.108354 0.237399
9.0 0.907817 0.837912 0.095545 0.172756
7.0 0.455745 0.393218 0.094255 0.163210
10.0 0.618368 0.309274 0.086646 0.213050
6.0 0.698221 0.244146 0.067498 0.137841
6.0 0.535111 0.308064 0.063076 0.128748
6.0 0.661615 0.553560 0.062989 0.132980
3.0 0.699001 0.788142 0.087697 0.167346
1.0 0.512215 0.116612 0.079498 0.167580
5.0 0.271032 0.340402 0.098131 0.235737
3.0 0.183618 0.021058 0.070969 0.042115
4.0 0.363243 0.266016 0.076193 0.205685
0.0 0.446355 0.292343 0.070799 0.139302
0.0 0.264569 0.029019 0.063669 0.058038
0.0 0.276114 0.169312 0.066534 0.131645
0.0 0.280372 0.608260 0.072183 0.130965
