11.0 0.768750 0.297656 0.084375 0.215625
9.0 0.569531 0.086719 0.057812 0.132812
8.0 0.509375 0.232031 0.067969 0.155469
6.0 0.682031 0.342187 0.053906 0.115625
6.0 0.607813 0.540625 0.058594 0.121875
6.0 0.543750 0.662500 0.059375 0.128125
6.0 0.418750 0.181250 0.057813 0.118750
7.0 0.349219 0.438281 0.071094 0.153125
7.0 0.242188 0.638281 0.075000 0.161719
1.0 0.233594 0.784375 0.076562 0.153906
3.0 0.196875 0.090625 0.064844 0.129688
4.0 0.346094 0.147656 0.065625 0.178906
5.0 0.164063 0.304688 0.085156 0.203125
2.0 0.439063 0.427344 0.062500 0.158594
0.0 0.349219 0.327344 0.052344 0.113281
0.0 0.275000 0.166406 0.056250 0.110156
0.0 0.260938 0.336719 0.059375 0.120313
0.0 0.353125 0.562500 0.067969 0.125000
