7.0 0.503030 0.118012 0.083976 0.141020
7.0 0.417145 0.406843 0.087062 0.154419
8.0 0.733355 0.564041 0.094280 0.150113
8.0 0.689312 0.164797 0.085791 0.148902
11.0 0.755486 0.304084 0.120989 0.217473
9.0 0.886766 0.650240 0.108644 0.163875
9.0 0.484594 0.056536 0.075928 0.113072
10.0 0.549465 0.273326 0.096205 0.181157
6.0 0.577791 0.111682 0.066105 0.105552
6.0 0.609647 0.195001 0.069133 0.112221
6.0 0.705816 0.457797 0.076471 0.111674
6.0 0.673039 0.356849 0.069922 0.112403
6.0 0.642655 0.588744 0.079738 0.125862
6.0 0.698228 0.703768 0.077555 0.126105
6.0 0.416736 0.068663 0.065680 0.106947
6.0 0.469618 0.302762 0.066224 0.109311
2.0 0.260355 0.093492 0.077861 0.120951
5.0 0.146864 0.444017 0.119049 0.215533
2.0 0.159636 0.566734 0.092522 0.148961
4.0 0.141310 0.355286 0.112208 0.192311
3.0 0.315216 0.796004 0.099491 0.156539
3.0 0.109185 0.130068 0.082165 0.123436
1.0 0.192916 0.673241 0.104158 0.160601
1.0 0.294527 0.234671 0.082337 0.143627
0.0 0.391253 0.321302 0.071861 0.114343
0.0 0.345810 0.163320 0.073375 0.117678
0.0 0.185021 0.114560 0.068828 0.117375
0.0 0.221021 0.277209 0.068708 0.113616
0.0 0.256725 0.462642 0.073318 0.110947
0.0 0.272782 0.568358 0.074531 0.109734
0.0 0.293714 0.667241 0.076528 0.118405
0.0 0.501492 0.739767 0.077135 0.117798
