11.0 0.704471 0.663080 0.098499 0.204675
9.0 0.811081 0.821570 0.086150 0.143633
3.0 0.609021 0.787958 0.085276 0.142760
6.0 0.704593 0.278765 0.061657 0.106967
6.0 0.616920 0.558996 0.064658 0.106587
10.0 0.615307 0.336698 0.085266 0.178592
7.0 0.445419 0.427680 0.079570 0.145845
6.0 0.530508 0.340861 0.056908 0.105600
4.0 0.377075 0.315017 0.087294 0.176563
5.0 0.272443 0.388322 0.092102 0.202335
3.0 0.208319 0.211616 0.077892 0.132670
0.0 0.450487 0.332243 0.057486 0.104149
0.0 0.396028 0.166219 0.062348 0.112392
0.0 0.325625 0.063532 0.057881 0.107249
0.0 0.235233 0.637177 0.071480 0.124229
