1.0 0.244531 0.642187 0.069531 0.160156
11.0 0.768750 0.303125 0.082031 0.203125
9.0 0.571875 0.082031 0.057031 0.131250
8.0 0.506250 0.231250 0.058594 0.146875
6.0 0.419531 0.180469 0.050000 0.106250
6.0 0.684375 0.347656 0.046094 0.112500
6.0 0.606250 0.539062 0.053906 0.121094
6.0 0.542188 0.666406 0.055469 0.117188
1.0 0.452344 0.646875 0.071094 0.155469
2.0 0.440625 0.428906 0.060156 0.155469
5.0 0.164062 0.302344 0.075781 0.207812
3.0 0.433594 0.078125 0.055469 0.128125
4.0 0.345313 0.148438 0.059375 0.177344
0.0 0.272656 0.167969 0.051562 0.109375
0.0 0.259375 0.341406 0.060156 0.110156
0.0 0.348437 0.331250 0.054688 0.114844
0.0 0.356250 0.557813 0.056250 0.125781
