2.0 0.446546 0.436482 0.076582 0.161569
3.0 0.436115 0.333896 0.080863 0.150961
4.0 0.324135 0.116642 0.088865 0.206124
1.0 0.473653 0.668883 0.089757 0.157060
0.0 0.360519 0.574201 0.069142 0.138960
0.0 0.245725 0.141349 0.063573 0.122222
0.0 0.235827 0.326719 0.076850 0.128548
5.0 0.125663 0.286048 0.108039 0.238570
9.0 0.233333 0.051441 0.074728 0.102881
7.0 0.231919 0.656296 0.103143 0.175441
11.0 0.802544 0.304461 0.098699 0.221083
6.0 0.605717 0.348837 0.063670 0.123822
6.0 0.438639 0.551025 0.067631 0.126435
6.0 0.569157 0.690757 0.068951 0.122071
