11 0.7703125 0.3046875 0.08828125 0.1984375
7 0.6453125 0.76875 0.07734375 0.15546875
9 0.66171875 0.1703125 0.06328125 0.13203125
6 0.69921875 0.540625 0.0546875 0.11953125
6 0.51875 0.34921875 0.0515625 0.1109375
8 0.5359375 0.54140625 0.06640625 0.15
8 0.353125 0.153125 0.059375 0.1421875
5 0.17578125 0.3953125 0.0828125 0.2109375
1 0.1953125 0.15 0.0703125 0.1578125
2 0.5015625 0.07421875 0.0609375 0.14375
2 0.3546875 0.3265625 0.06640625 0.15234375
0 0.34140625 0.5515625 0.05625 0.11953125
