11.0 0.747841 0.272526 0.104906 0.222797
9.0 0.529088 0.081921 0.070431 0.137797
8.0 0.483321 0.232387 0.082738 0.161332
6.0 0.665854 0.325264 0.064875 0.120311
6.0 0.611247 0.529968 0.070147 0.126987
6.0 0.559316 0.657486 0.071531 0.133283
6.0 0.388194 0.190642 0.069066 0.123801
7.0 0.343940 0.453208 0.085621 0.159303
7.0 0.256827 0.662653 0.090343 0.168235
1.0 0.262454 0.808891 0.091140 0.160611
3.0 0.158571 0.121981 0.077126 0.135369
4.0 0.312620 0.164259 0.082681 0.184431
5.0 0.146691 0.338217 0.104470 0.210431
2.0 0.432298 0.433602 0.077599 0.163911
0.0 0.333172 0.342794 0.063092 0.117827
0.0 0.243682 0.189821 0.066677 0.115096
0.0 0.246218 0.360694 0.070773 0.125508
0.0 0.359885 0.576461 0.079781 0.131007
