9.0 0.890524 0.741798 0.090378 0.140595
9.0 0.675020 0.055830 0.068343 0.111661
10.0 0.694097 0.388707 0.087039 0.177071
11.0 0.743738 0.266825 0.105167 0.202277
7.0 0.822537 0.506050 0.088706 0.139628
7.0 0.584806 0.328654 0.078097 0.140668
8.0 0.694124 0.128175 0.074300 0.140984
8.0 0.496664 0.328830 0.066706 0.141616
6.0 0.783930 0.757676 0.074469 0.120263
6.0 0.660916 0.321968 0.058983 0.108431
6.0 0.530565 0.168314 0.059749 0.113900
6.0 0.450224 0.088132 0.056311 0.105808
6.0 0.480108 0.261699 0.056639 0.108152
6.0 0.524586 0.443059 0.059983 0.110086
6.0 0.606460 0.534179 0.062422 0.116523
6.0 0.567398 0.663537 0.068423 0.126456
5.0 0.151487 0.444621 0.101371 0.202593
1.0 0.328695 0.348843 0.075972 0.141952
1.0 0.167507 0.587274 0.086471 0.140130
3.0 0.387523 0.796965 0.085223 0.147663
3.0 0.141849 0.126463 0.066751 0.125489
2.0 0.137999 0.189671 0.073832 0.148610
2.0 0.167851 0.708760 0.080645 0.147886
4.0 0.236696 0.247809 0.090288 0.172849
0.0 0.227688 0.194870 0.055296 0.109528
0.0 0.238946 0.365891 0.058092 0.107557
0.0 0.355927 0.095396 0.057530 0.109026
0.0 0.381605 0.255961 0.060983 0.111742
0.0 0.251617 0.467640 0.063671 0.108989
0.0 0.271305 0.698817 0.068343 0.114924
0.0 0.488946 0.795206 0.070110 0.122048
0.0 0.438899 0.568441 0.064656 0.116021
