11.0 0.741406 0.264844 0.098438 0.201562
10.0 0.692187 0.382812 0.093750 0.178125
7.0 0.584375 0.328125 0.071875 0.140625
7.0 0.815625 0.504687 0.096875 0.137500
9.0 0.882812 0.733594 0.093750 0.139062
9.0 0.672656 0.060937 0.070312 0.121875
8.0 0.591406 0.067187 0.070312 0.134375
8.0 0.496094 0.328906 0.067187 0.139062
6.0 0.777344 0.749219 0.070312 0.117188
6.0 0.658594 0.319531 0.057813 0.107812
6.0 0.533594 0.170313 0.054688 0.106250
6.0 0.451562 0.093750 0.053125 0.103125
6.0 0.481250 0.264062 0.056250 0.109375
6.0 0.602344 0.532031 0.064063 0.110938
6.0 0.564063 0.660156 0.062500 0.117188
6.0 0.350000 0.471875 0.068750 0.109375
1.0 0.329688 0.349219 0.071875 0.139063
5.0 0.152344 0.451562 0.098438 0.203125
3.0 0.171094 0.590625 0.085938 0.137500
3.0 0.383594 0.795312 0.082813 0.143750
3.0 0.143750 0.131250 0.065625 0.121875
2.0 0.140625 0.196094 0.075000 0.148438
2.0 0.165625 0.711719 0.087500 0.154687
4.0 0.237500 0.251563 0.090625 0.171875
0.0 0.231250 0.196875 0.053125 0.100000
0.0 0.359375 0.099219 0.056250 0.104687
0.0 0.384375 0.259375 0.056250 0.106250
0.0 0.239063 0.371094 0.059375 0.107812
0.0 0.271094 0.696875 0.070313 0.115625
0.0 0.252344 0.467969 0.070312 0.114063
0.0 0.435937 0.567187 0.068750 0.115625
0.0 0.485937 0.792188 0.068750 0.118750
