11.0 0.796875 0.314063 0.090625 0.234375
9.0 0.584375 0.078906 0.062500 0.148438
8.0 0.521094 0.237500 0.073438 0.171875
6.0 0.704687 0.361719 0.056250 0.126562
6.0 0.626563 0.573438 0.062500 0.131250
6.0 0.559375 0.700781 0.062500 0.135938
6.0 0.423438 0.180469 0.062500 0.132812
7.0 0.352344 0.459375 0.076562 0.165625
7.0 0.242188 0.671094 0.081250 0.173438
1.0 0.235938 0.825000 0.084375 0.162500
3.0 0.182031 0.075000 0.073437 0.146875
4.0 0.344531 0.141406 0.073437 0.198437
5.0 0.151562 0.310156 0.096875 0.223438
2.0 0.447656 0.448438 0.067188 0.171875
0.0 0.350781 0.339062 0.057812 0.125000
0.0 0.268750 0.160938 0.062500 0.121875
0.0 0.256250 0.347656 0.065625 0.132812
0.0 0.358594 0.592188 0.073437 0.134375
