10.0 0.784375 0.285156 0.074219 0.137500
11.0 0.791406 0.370313 0.070312 0.182813
8.0 0.759375 0.212500 0.055469 0.118750
8.0 0.804688 0.493750 0.061719 0.132812
7.0 0.747656 0.133594 0.053125 0.107031
7.0 0.826563 0.608594 0.072656 0.122656
9.0 0.840625 0.730469 0.065625 0.133594
9.0 0.741406 0.066406 0.050000 0.106250
6.0 0.660937 0.060938 0.041406 0.092969
6.0 0.664062 0.140625 0.040625 0.095313
6.0 0.678125 0.226562 0.039062 0.091406
6.0 0.685156 0.306250 0.042969 0.092969
6.0 0.696875 0.401563 0.050000 0.100781
6.0 0.711719 0.504688 0.049219 0.106250
6.0 0.723437 0.610937 0.044531 0.103906
6.0 0.738281 0.732031 0.048437 0.112500
4.0 0.190625 0.275000 0.070312 0.155469
5.0 0.171094 0.360156 0.068750 0.193750
2.0 0.158594 0.488281 0.060937 0.130469
1.0 0.197656 0.128125 0.055469 0.115625
1.0 0.155469 0.620313 0.067969 0.132031
3.0 0.205469 0.052344 0.054688 0.104687
3.0 0.139844 0.746875 0.073437 0.134375
0.0 0.283594 0.056250 0.046875 0.094531
0.0 0.278906 0.132812 0.048437 0.084375
0.0 0.279687 0.222656 0.055469 0.094531
0.0 0.274219 0.308594 0.058594 0.088281
0.0 0.273438 0.409375 0.058594 0.099219
0.0 0.263281 0.510938 0.056250 0.095312
0.0 0.262500 0.611719 0.056250 0.108594
0.0 0.250000 0.733594 0.064844 0.114063
