11.0 0.754309 0.701901 0.120510 0.224814
9.0 0.877854 0.855540 0.107589 0.154477
3.0 0.641422 0.849014 0.097870 0.150211
6.0 0.759668 0.263938 0.079237 0.128630
6.0 0.650331 0.604199 0.076703 0.118102
10.0 0.648948 0.351946 0.104139 0.209606
7.0 0.448470 0.490276 0.088331 0.162605
6.0 0.546170 0.375460 0.066580 0.121775
4.0 0.366268 0.377152 0.094305 0.200566
5.0 0.251541 0.478969 0.092465 0.222730
3.0 0.169509 0.295672 0.079381 0.149985
0.0 0.451503 0.382236 0.064758 0.118786
0.0 0.382347 0.200981 0.069801 0.132877
0.0 0.295065 0.095413 0.063173 0.129775
0.0 0.224039 0.748524 0.070338 0.128090
