4.0 0.363360 0.165208 0.087812 0.217394
2.0 0.181208 0.173490 0.075518 0.166974
3.0 0.196978 0.102503 0.075964 0.152886
5.0 0.157883 0.359149 0.093637 0.248248
1.0 0.230847 0.918008 0.102532 0.163983
0.0 0.283104 0.188778 0.071250 0.143675
0.0 0.264191 0.393722 0.066824 0.136636
0.0 0.262899 0.513873 0.070596 0.143637
0.0 0.371798 0.657731 0.073058 0.139453
11.0 0.838729 0.321927 0.100446 0.240720
8.0 0.647238 0.168429 0.071224 0.170390
7.0 0.241726 0.753941 0.091639 0.200429
7.0 0.364424 0.506927 0.080589 0.199913
9.0 0.617197 0.075059 0.067345 0.150118
9.0 0.547936 0.388585 0.075798 0.163896
6.0 0.441270 0.205492 0.060344 0.138619
6.0 0.742566 0.378705 0.057364 0.139845
6.0 0.583747 0.771409 0.070439 0.152724
6.0 0.651101 0.618097 0.067597 0.153071
