10.0 0.792188 0.228906 0.125000 0.167187
11.0 0.825781 0.312500 0.160937 0.212500
8.0 0.733594 0.160156 0.110938 0.148438
8.0 0.885938 0.444531 0.115625 0.145313
9.0 0.684375 0.076563 0.109375 0.137500
9.0 0.942969 0.550781 0.114062 0.151563
9.0 0.657031 0.035156 0.098438 0.070312
9.0 0.971094 0.674219 0.057813 0.148438
6.0 0.553906 0.041406 0.085938 0.082812
6.0 0.590625 0.110156 0.087500 0.110937
6.0 0.632812 0.192188 0.090625 0.112500
6.0 0.674219 0.272656 0.095313 0.123437
6.0 0.725000 0.367969 0.087500 0.117188
6.0 0.778125 0.471094 0.090625 0.120312
6.0 0.832812 0.581250 0.093750 0.118750
6.0 0.891406 0.699219 0.101562 0.129687
4.0 0.076563 0.375000 0.143750 0.187500
5.0 0.094531 0.465625 0.157812 0.212500
2.0 0.055469 0.296094 0.110937 0.148438
2.0 0.125781 0.592969 0.126562 0.154687
1.0 0.043750 0.216406 0.087500 0.139063
1.0 0.173437 0.728906 0.134375 0.151563
3.0 0.207031 0.853906 0.132812 0.154687
3.0 0.031250 0.134375 0.062500 0.128125
0.0 0.098438 0.118750 0.093750 0.106250
0.0 0.132031 0.204688 0.095312 0.109375
0.0 0.164062 0.294531 0.093750 0.114063
0.0 0.189062 0.385156 0.106250 0.117188
0.0 0.228125 0.489063 0.109375 0.121875
0.0 0.253906 0.595313 0.107812 0.112500
0.0 0.293750 0.698438 0.112500 0.121875
0.0 0.327344 0.821875 0.110938 0.118750
