9.0 0.867969 0.758594 0.085938 0.151562
11.0 0.830469 0.491406 0.101562 0.223438
10.0 0.605469 0.289062 0.070312 0.190625
1.0 0.503906 0.123438 0.073438 0.140625
6.0 0.521875 0.051562 0.053125 0.103125
6.0 0.710938 0.407813 0.059375 0.125000
6.0 0.689063 0.217969 0.062500 0.110937
6.0 0.514844 0.303125 0.054688 0.115625
6.0 0.634375 0.514844 0.062500 0.123437
7.0 0.429688 0.403125 0.068750 0.150000
1.0 0.117188 0.631250 0.087500 0.162500
4.0 0.344531 0.294531 0.073437 0.182812
5.0 0.241406 0.378125 0.089063 0.212500
0.0 0.228906 0.647656 0.067188 0.123437
3.0 0.217969 0.787500 0.079687 0.153125
3.0 0.176563 0.051562 0.068750 0.103125
0.0 0.260938 0.052344 0.059375 0.104688
0.0 0.427344 0.305469 0.064062 0.114062
0.0 0.263281 0.220312 0.054688 0.121875
2.0 0.425781 0.623438 0.076562 0.162500
0.0 0.432812 0.773438 0.068750 0.131250
