1.0 0.450000 0.647656 0.071875 0.160938
8.0 0.438281 0.428906 0.063281 0.149219
4.0 0.346875 0.145312 0.065625 0.186719
5.0 0.161719 0.304688 0.078125 0.203125
3.0 0.196875 0.089844 0.062500 0.131250
0.0 0.271875 0.166406 0.060156 0.113281
0.0 0.258594 0.340625 0.062500 0.114844
0.0 0.347656 0.327344 0.049219 0.111719
0.0 0.356250 0.564844 0.060938 0.117969
7.0 0.243750 0.639063 0.071094 0.170313
9.0 0.572656 0.081250 0.055469 0.128906
8.0 0.507813 0.236719 0.059375 0.147656
6.0 0.417188 0.178906 0.052344 0.114063
6.0 0.685156 0.342187 0.050000 0.122656
6.0 0.542188 0.666406 0.052344 0.128906
6.0 0.607813 0.540625 0.058594 0.115625
11.0 0.770312 0.301562 0.084375 0.200781
