7.0 0.443750 0.395312 0.063281 0.135156
6.0 0.519531 0.065625 0.046094 0.105469
9.0 0.840625 0.735937 0.083594 0.141406
11.0 0.804688 0.486719 0.087500 0.200781
10.0 0.599219 0.292188 0.064062 0.182031
6.0 0.697656 0.406250 0.050000 0.106250
6.0 0.676562 0.230469 0.044531 0.103906
6.0 0.516406 0.305469 0.049219 0.102344
6.0 0.623438 0.505469 0.052344 0.108594
3.0 0.640625 0.717969 0.073437 0.142187
3.0 0.209375 0.058594 0.059375 0.117188
4.0 0.362500 0.294531 0.059375 0.175000
5.0 0.270312 0.373437 0.072656 0.195312
2.0 0.441406 0.600781 0.061719 0.143750
1.0 0.508594 0.135937 0.053125 0.132812
1.0 0.357812 0.496094 0.064062 0.142187
0.0 0.435937 0.300781 0.049219 0.103906
0.0 0.284375 0.057813 0.049219 0.103125
0.0 0.287500 0.217187 0.046875 0.109375
0.0 0.262500 0.612500 0.057813 0.117188
