11.0 0.767969 0.298437 0.082031 0.209375
8.0 0.600000 0.158594 0.057812 0.141406
9.0 0.570312 0.079687 0.053906 0.128125
9.0 0.503125 0.164844 0.058594 0.127344
6.0 0.685156 0.341406 0.048437 0.111719
6.0 0.741406 0.784375 0.063281 0.119531
6.0 0.607813 0.535937 0.054688 0.122656
6.0 0.542188 0.662500 0.062500 0.127344
6.0 0.417969 0.176562 0.048437 0.104687
7.0 0.440625 0.250000 0.065625 0.137500
7.0 0.246875 0.640625 0.081250 0.150781
5.0 0.164062 0.407813 0.080469 0.205469
2.0 0.184375 0.152344 0.071875 0.142969
2.0 0.356250 0.425000 0.067969 0.150000
3.0 0.197656 0.097656 0.065625 0.134375
4.0 0.344531 0.148438 0.071094 0.181250
1.0 0.235156 0.789062 0.078125 0.164844
0.0 0.274219 0.162500 0.053125 0.114062
0.0 0.258594 0.337500 0.058594 0.103906
0.0 0.259375 0.435937 0.066406 0.115625
0.0 0.355469 0.567969 0.062500 0.126562
