4.0 0.188281 0.275781 0.066406 0.170312
5.0 0.170312 0.364062 0.069531 0.191406
1.0 0.365625 0.197656 0.057813 0.137500
1.0 0.164844 0.599219 0.066406 0.142187
3.0 0.253906 0.739062 0.061719 0.133594
3.0 0.207813 0.053906 0.053906 0.107031
2.0 0.158594 0.486719 0.060937 0.138281
2.0 0.363281 0.052344 0.049219 0.104687
0.0 0.436719 0.297656 0.040625 0.093750
0.0 0.429688 0.141406 0.037500 0.094531
0.0 0.285937 0.059375 0.041406 0.096094
0.0 0.281250 0.222656 0.042969 0.098437
0.0 0.275000 0.410156 0.052344 0.097656
0.0 0.264844 0.511719 0.046875 0.103906
0.0 0.264063 0.614062 0.049219 0.109375
0.0 0.446875 0.733594 0.053125 0.107813
7.0 0.589844 0.130469 0.043750 0.132031
7.0 0.441406 0.393750 0.059375 0.139063
10.0 0.787500 0.289063 0.063281 0.146875
11.0 0.789844 0.367188 0.074219 0.184375
9.0 0.587500 0.063281 0.045313 0.114844
9.0 0.841406 0.735937 0.071094 0.130469
8.0 0.752344 0.210156 0.042187 0.132813
8.0 0.709375 0.613281 0.057812 0.138281
6.0 0.707031 0.509375 0.053125 0.096094
6.0 0.696875 0.403906 0.050000 0.104688
6.0 0.617969 0.618750 0.051563 0.102344
6.0 0.642187 0.742188 0.051563 0.105469
6.0 0.673437 0.228906 0.045313 0.094531
6.0 0.664062 0.147656 0.039062 0.098438
6.0 0.519531 0.067188 0.039062 0.096094
6.0 0.517187 0.301562 0.041406 0.102344
