11.0 0.768750 0.301562 0.072656 0.188281
10.0 0.790625 0.403906 0.073437 0.167969
7.0 0.815625 0.539844 0.069531 0.125000
7.0 0.766406 0.246094 0.064062 0.119531
8.0 0.823438 0.654688 0.065625 0.139844
8.0 0.741406 0.155469 0.050000 0.138281
9.0 0.726562 0.083594 0.053906 0.114844
9.0 0.848437 0.785156 0.078125 0.133594
6.0 0.743750 0.785937 0.057031 0.108594
6.0 0.723437 0.645312 0.053125 0.108594
6.0 0.700000 0.545313 0.051563 0.102344
6.0 0.696094 0.429688 0.048437 0.100000
6.0 0.678125 0.343750 0.056250 0.101562
6.0 0.675781 0.268750 0.048437 0.101562
6.0 0.653906 0.178906 0.046875 0.098438
6.0 0.653125 0.089844 0.041406 0.101562
4.0 0.177344 0.327344 0.068750 0.174219
5.0 0.160938 0.407031 0.075000 0.194531
1.0 0.169531 0.246094 0.060156 0.121875
1.0 0.157813 0.543750 0.078125 0.136719
2.0 0.185156 0.146875 0.059375 0.142188
2.0 0.139844 0.662500 0.067969 0.142969
3.0 0.195312 0.092187 0.056250 0.117187
3.0 0.133594 0.807813 0.077344 0.138281
0.0 0.266406 0.091406 0.049219 0.099219
0.0 0.273437 0.169531 0.048437 0.104688
0.0 0.260156 0.255469 0.050781 0.103125
0.0 0.258594 0.339844 0.053125 0.102344
0.0 0.260156 0.437500 0.056250 0.110156
0.0 0.239063 0.803125 0.060937 0.109375
0.0 0.243750 0.664844 0.059375 0.116406
0.0 0.431250 0.557813 0.053125 0.113281
