10.0 0.610225 0.282503 0.080297 0.183145
11.0 0.806480 0.456827 0.095205 0.213147
9.0 0.823700 0.703467 0.089519 0.153579
6.0 0.701416 0.389289 0.056290 0.115844
6.0 0.690350 0.212904 0.058711 0.103602
6.0 0.682512 0.131123 0.053286 0.103932
6.0 0.544679 0.065511 0.050854 0.102176
6.0 0.526753 0.301055 0.057203 0.118253
6.0 0.623218 0.493721 0.066060 0.123649
7.0 0.446607 0.398649 0.071804 0.142786
3.0 0.232058 0.079642 0.067183 0.115966
3.0 0.241702 0.764708 0.074147 0.142979
5.0 0.274533 0.388741 0.086172 0.204626
1.0 0.529002 0.136791 0.061955 0.147417
1.0 0.160600 0.630650 0.084655 0.150067
2.0 0.435600 0.607960 0.068723 0.143309
4.0 0.375025 0.302687 0.073309 0.183346
0.0 0.446284 0.307694 0.055850 0.108032
0.0 0.309313 0.074823 0.059107 0.110633
0.0 0.301859 0.234850 0.055982 0.110376
0.0 0.254384 0.636132 0.065841 0.119743
0.0 0.433460 0.742665 0.069010 0.120782
