4.0 0.414522 0.125865 0.105877 0.191015
2.0 0.255507 0.096404 0.088014 0.147673
3.0 0.279653 0.054356 0.086591 0.108711
5.0 0.208027 0.245627 0.114388 0.216305
1.0 0.186121 0.736911 0.115528 0.179537
0.0 0.341468 0.129461 0.081293 0.127902
0.0 0.294759 0.295532 0.076287 0.121032
0.0 0.275920 0.394537 0.080380 0.126988
0.0 0.348636 0.534820 0.081952 0.123589
11.0 0.802749 0.350837 0.120894 0.211625
8.0 0.660081 0.185314 0.085528 0.150159
7.0 0.222419 0.587945 0.105880 0.175482
7.0 0.364619 0.409028 0.096816 0.174497
9.0 0.648407 0.100385 0.079830 0.135760
9.0 0.540865 0.347927 0.088197 0.144749
6.0 0.475964 0.174934 0.071353 0.122312
6.0 0.710770 0.378666 0.069197 0.122641
6.0 0.514468 0.670554 0.081694 0.133895
6.0 0.595541 0.557943 0.079538 0.134225
