10.0 0.791718 0.295238 0.078985 0.140013
11.0 0.795766 0.380588 0.076666 0.185161
8.0 0.769276 0.221752 0.059590 0.120618
8.0 0.804720 0.504415 0.066328 0.134891
7.0 0.760325 0.142484 0.056838 0.108825
7.0 0.822563 0.619954 0.076904 0.125123
9.0 0.832352 0.742246 0.070259 0.135808
9.0 0.756430 0.075119 0.053687 0.107934
6.0 0.676202 0.066838 0.044634 0.094361
6.0 0.676537 0.146586 0.043935 0.096676
6.0 0.687584 0.232963 0.042237 0.092717
6.0 0.691822 0.312847 0.046195 0.094415
6.0 0.700199 0.408512 0.053496 0.102469
6.0 0.711425 0.512093 0.052906 0.107907
6.0 0.719419 0.618688 0.048140 0.105401
6.0 0.730016 0.740227 0.052344 0.114126
4.0 0.198687 0.264313 0.075709 0.157834
5.0 0.176188 0.348733 0.075487 0.196037
2.0 0.159213 0.476342 0.065465 0.132521
1.0 0.210854 0.117773 0.059481 0.117495
1.0 0.151470 0.608183 0.072547 0.134329
3.0 0.221313 0.047790 0.058317 0.095580
3.0 0.131426 0.734122 0.078094 0.136862
0.0 0.299253 0.048950 0.050154 0.096114
0.0 0.291890 0.125301 0.051360 0.086018
0.0 0.289527 0.215117 0.058742 0.096414
0.0 0.281054 0.300811 0.061647 0.090277
0.0 0.276747 0.401503 0.062030 0.101208
0.0 0.263043 0.502648 0.059551 0.097222
0.0 0.258736 0.603340 0.060015 0.110495
0.0 0.241979 0.724703 0.068795 0.116262
