8.0 0.708594 0.608594 0.060156 0.147656
9.0 0.586719 0.065625 0.055469 0.111719
9.0 0.837500 0.728125 0.066406 0.134375
11.0 0.789844 0.365625 0.078906 0.197656
10.0 0.597656 0.288281 0.058594 0.164844
8.0 0.527344 0.496094 0.052344 0.135937
6.0 0.675000 0.228125 0.046094 0.097656
6.0 0.665625 0.145313 0.039844 0.094531
6.0 0.697656 0.401563 0.047656 0.107813
6.0 0.707812 0.505469 0.050000 0.101562
6.0 0.643750 0.744531 0.052344 0.114844
6.0 0.615625 0.614062 0.051563 0.102344
6.0 0.514844 0.300000 0.045313 0.098437
6.0 0.518750 0.068750 0.041406 0.103125
7.0 0.588281 0.129688 0.053906 0.129688
7.0 0.439844 0.395312 0.064844 0.133594
4.0 0.187500 0.276563 0.069531 0.175000
5.0 0.171875 0.362500 0.073438 0.194531
3.0 0.253125 0.735937 0.063281 0.138281
3.0 0.206250 0.052344 0.059375 0.104687
2.0 0.361719 0.056250 0.046094 0.111719
2.0 0.157031 0.485937 0.062500 0.136719
1.0 0.364062 0.197656 0.055469 0.138281
1.0 0.166406 0.603125 0.067969 0.142969
0.0 0.435937 0.301562 0.042188 0.102344
0.0 0.428906 0.138281 0.048437 0.104688
0.0 0.284375 0.056250 0.046094 0.102344
0.0 0.282031 0.222656 0.047656 0.099219
0.0 0.272656 0.406250 0.055469 0.096875
0.0 0.264062 0.509375 0.046094 0.104687
0.0 0.264062 0.614844 0.053906 0.110937
0.0 0.448438 0.735937 0.055469 0.114844
