10.0 0.625593 0.254791 0.086058 0.193431
11.0 0.861074 0.447926 0.105636 0.227655
9.0 0.893165 0.716995 0.101244 0.161813
6.0 0.735095 0.371604 0.061652 0.122742
6.0 0.714152 0.182128 0.064594 0.110148
6.0 0.701336 0.094505 0.058221 0.110819
6.0 0.541591 0.038989 0.054220 0.077978
6.0 0.531984 0.272758 0.060841 0.123851
6.0 0.649999 0.480622 0.071856 0.129495
7.0 0.446895 0.373451 0.075611 0.148039
3.0 0.199686 0.048704 0.068657 0.097407
3.0 0.238808 0.746511 0.075924 0.143967
5.0 0.258319 0.357741 0.087406 0.209795
1.0 0.527191 0.099140 0.065286 0.155289
1.0 0.146590 0.603366 0.085830 0.150487
2.0 0.443869 0.593321 0.072183 0.147603
4.0 0.363816 0.270879 0.075243 0.190009
0.0 0.442506 0.277900 0.058847 0.112297
0.0 0.282502 0.045173 0.060915 0.090346
0.0 0.281231 0.198943 0.057554 0.113693
0.0 0.247012 0.613783 0.067672 0.121028
0.0 0.447415 0.735192 0.073179 0.123185
