4.0 0.365622 0.154780 0.088193 0.218159
5.0 0.159035 0.464258 0.110380 0.257879
3.0 0.187882 0.083035 0.080828 0.158798
2.0 0.177012 0.156442 0.083445 0.182123
2.0 0.382010 0.480241 0.086304 0.175910
1.0 0.256083 0.888281 0.107025 0.202191
0.0 0.444574 0.083545 0.058633 0.134054
0.0 0.281565 0.176091 0.073450 0.144129
0.0 0.271672 0.384152 0.070094 0.142996
0.0 0.272888 0.494005 0.081540 0.143171
0.0 0.391725 0.632140 0.066916 0.141622
11.0 0.843390 0.321017 0.088658 0.223298
8.0 0.652631 0.164315 0.056865 0.169337
7.0 0.486959 0.858128 0.085763 0.187491
7.0 0.474630 0.269397 0.086508 0.156496
9.0 0.621292 0.075852 0.068114 0.147742
9.0 0.574502 0.483115 0.073687 0.154379
6.0 0.813493 0.844469 0.063898 0.132958
6.0 0.449256 0.193653 0.063442 0.123651
6.0 0.534968 0.183639 0.061091 0.121925
6.0 0.750556 0.371301 0.052683 0.124080
6.0 0.668171 0.592453 0.061855 0.136949
6.0 0.596961 0.732261 0.067732 0.131589
