11.0 0.812198 0.370959 0.129290 0.222705
8.0 0.574725 0.236043 0.098859 0.166798
9.0 0.549241 0.352892 0.095752 0.137647
9.0 0.673369 0.110276 0.094826 0.145214
6.0 0.718738 0.390060 0.074902 0.125290
6.0 0.590795 0.564832 0.080962 0.126820
6.0 0.501493 0.666368 0.089875 0.134035
6.0 0.499470 0.170301 0.075835 0.120561
7.0 0.370071 0.398693 0.092593 0.158833
7.0 0.218072 0.569806 0.109081 0.167961
1.0 0.170537 0.716540 0.113641 0.174786
5.0 0.224957 0.229893 0.128333 0.218918
2.0 0.457371 0.419936 0.105493 0.170601
4.0 0.434023 0.123151 0.107437 0.189529
3.0 0.308057 0.050076 0.098606 0.100151
0.0 0.361650 0.119377 0.080181 0.118113
0.0 0.305736 0.283333 0.079240 0.120003
0.0 0.280866 0.381803 0.087962 0.126461
0.0 0.345330 0.522175 0.091773 0.135933
