10.0 0.761190 0.344681 0.110324 0.177155
11.0 0.775575 0.419296 0.115916 0.203054
9.0 0.869383 0.788383 0.103376 0.144978
9.0 0.689750 0.110080 0.068567 0.117280
8.0 0.721107 0.255175 0.077305 0.143699
8.0 0.724581 0.648880 0.090849 0.146693
6.0 0.608663 0.089841 0.063495 0.104334
6.0 0.645371 0.260153 0.062261 0.105643
6.0 0.624357 0.175318 0.060627 0.101589
6.0 0.713164 0.541297 0.073384 0.104454
6.0 0.687866 0.433702 0.065637 0.110742
6.0 0.674142 0.761453 0.071483 0.113221
6.0 0.633694 0.636907 0.075647 0.118450
6.0 0.493383 0.304242 0.066364 0.107078
7.0 0.546269 0.147970 0.078588 0.135586
7.0 0.430872 0.380602 0.086698 0.152062
4.0 0.159274 0.225476 0.097797 0.178870
5.0 0.154513 0.307574 0.105010 0.198225
2.0 0.156783 0.153586 0.076797 0.141344
2.0 0.156559 0.433380 0.084325 0.141074
1.0 0.327409 0.181013 0.079448 0.150107
1.0 0.175524 0.546011 0.098160 0.152442
3.0 0.281752 0.698152 0.089893 0.145778
3.0 0.152664 0.031397 0.062716 0.062794
0.0 0.230661 0.036660 0.056802 0.073320
0.0 0.240980 0.103621 0.058484 0.095181
0.0 0.247420 0.189090 0.058375 0.098190
0.0 0.251913 0.271196 0.065407 0.106163
0.0 0.263182 0.371150 0.067598 0.105768
0.0 0.264317 0.470191 0.069063 0.109038
0.0 0.275173 0.573119 0.072101 0.112567
0.0 0.476113 0.724177 0.076325 0.121589
