11.0 0.785969 0.284307 0.087903 0.199101
8.0 0.601375 0.146548 0.058342 0.137595
9.0 0.579205 0.076909 0.061023 0.112524
9.0 0.519529 0.228894 0.067509 0.119630
7.0 0.438268 0.232970 0.060930 0.128846
6.0 0.419204 0.167668 0.055695 0.102036
6.0 0.698456 0.325439 0.053867 0.106413
6.0 0.615433 0.523993 0.056611 0.118198
6.0 0.763780 0.774167 0.068135 0.123880
6.0 0.545882 0.651600 0.066180 0.128464
7.0 0.438234 0.770287 0.081495 0.175025
5.0 0.139764 0.389441 0.096061 0.206196
3.0 0.187488 0.072529 0.070924 0.126972
1.0 0.212422 0.779535 0.093904 0.171441
4.0 0.337779 0.135893 0.072863 0.175243
2.0 0.172726 0.136006 0.065087 0.136355
2.0 0.347840 0.408885 0.066176 0.146235
0.0 0.507466 0.147252 0.055713 0.106179
0.0 0.265665 0.152331 0.061977 0.110240
0.0 0.245730 0.317427 0.057835 0.108208
0.0 0.241048 0.416774 0.067536 0.112904
0.0 0.346804 0.542687 0.068134 0.122760
