9.0 0.725000 0.078125 0.053125 0.112500
6.0 0.746094 0.744531 0.054688 0.114062
9.0 0.848437 0.753125 0.075000 0.131250
0.0 0.261719 0.723437 0.060937 0.109375
3.0 0.151562 0.725781 0.071875 0.139062
1.0 0.196094 0.110156 0.060938 0.129687
7.0 0.728906 0.144531 0.057813 0.126563
0.0 0.270313 0.127344 0.043750 0.092187
6.0 0.650781 0.153125 0.045312 0.096875
2.0 0.182812 0.185156 0.053125 0.135937
8.0 0.739844 0.222656 0.048438 0.129687
0.0 0.271094 0.211719 0.042187 0.098437
6.0 0.665625 0.235937 0.043750 0.096875
4.0 0.178906 0.263281 0.067187 0.170313
10.0 0.773438 0.309375 0.071875 0.162500
0.0 0.268750 0.294531 0.046875 0.098438
6.0 0.678125 0.318750 0.046875 0.100000
5.0 0.168750 0.347656 0.071875 0.195312
11.0 0.785937 0.382031 0.081250 0.185937
6.0 0.692969 0.410938 0.048438 0.100000
0.0 0.274219 0.395313 0.048438 0.100000
2.0 0.160156 0.468750 0.060937 0.134375
8.0 0.804688 0.510156 0.068750 0.135937
6.0 0.710156 0.517187 0.051563 0.100000
0.0 0.266406 0.499219 0.051562 0.104687
3.0 0.193750 0.044531 0.050000 0.089063
0.0 0.269531 0.047656 0.045312 0.095312
1.0 0.170312 0.584375 0.071875 0.143750
7.0 0.829688 0.628125 0.078125 0.131250
6.0 0.726562 0.626563 0.056250 0.106250
0.0 0.268750 0.603125 0.053125 0.106250
6.0 0.642969 0.071875 0.042188 0.100000
