2.0 0.443750 0.602344 0.059375 0.140625
1.0 0.366406 0.189844 0.053125 0.132812
4.0 0.362500 0.289062 0.056250 0.175781
5.0 0.172656 0.365625 0.082031 0.200781
3.0 0.253906 0.742969 0.069531 0.136719
3.0 0.204688 0.054688 0.062500 0.109375
1.0 0.167187 0.603906 0.073437 0.145313
0.0 0.439844 0.302344 0.047656 0.099219
0.0 0.446094 0.735937 0.061719 0.113281
0.0 0.263281 0.614062 0.058594 0.110937
0.0 0.287500 0.218750 0.048437 0.111719
0.0 0.284375 0.056250 0.050000 0.106250
7.0 0.441406 0.392188 0.070312 0.142188
9.0 0.835156 0.736719 0.079687 0.149219
11.0 0.792188 0.364062 0.078906 0.205469
10.0 0.599219 0.292969 0.059375 0.173437
6.0 0.664844 0.144531 0.045313 0.104688
6.0 0.675000 0.226562 0.047656 0.107031
6.0 0.696875 0.402344 0.048437 0.110937
6.0 0.625781 0.507813 0.052344 0.114063
6.0 0.518750 0.067969 0.051563 0.110156
6.0 0.519531 0.301562 0.050000 0.114844
