9.0 0.528906 0.058594 0.076562 0.110937
9.0 0.939844 0.769531 0.114062 0.179688
11.0 0.807813 0.374219 0.125000 0.232812
10.0 0.583594 0.285938 0.107812 0.209375
6.0 0.714844 0.407031 0.082812 0.132812
6.0 0.654688 0.219531 0.071875 0.120312
6.0 0.621875 0.129688 0.068750 0.112500
6.0 0.450781 0.049219 0.070312 0.098437
6.0 0.654687 0.511719 0.075000 0.129687
6.0 0.495313 0.287500 0.075000 0.121875
7.0 0.539062 0.114062 0.071875 0.146875
7.0 0.429688 0.379688 0.106250 0.171875
2.0 0.469531 0.605469 0.104687 0.176562
5.0 0.115625 0.328125 0.134375 0.243750
4.0 0.322656 0.267969 0.107813 0.201563
1.0 0.303906 0.161719 0.089062 0.157813
1.0 0.148438 0.588281 0.131250 0.198437
3.0 0.278906 0.750781 0.114063 0.179688
3.0 0.100000 0.034375 0.090625 0.068750
0.0 0.267188 0.607812 0.084375 0.140625
0.0 0.188281 0.036719 0.079687 0.073438
0.0 0.222656 0.179688 0.089063 0.131250
0.0 0.403125 0.275000 0.078125 0.131250
0.0 0.500781 0.756250 0.098438 0.156250
