11.0 0.747562 0.620249 0.102995 0.221643
9.0 0.876106 0.776075 0.096542 0.161415
10.0 0.597934 0.298299 0.076656 0.180507
6.0 0.640433 0.519051 0.065781 0.114453
6.0 0.672436 0.242384 0.062508 0.112604
6.0 0.516418 0.296258 0.066857 0.117649
7.0 0.446425 0.383567 0.080004 0.142088
3.0 0.677803 0.734687 0.087256 0.145075
4.0 0.361554 0.272014 0.085294 0.173552
5.0 0.270188 0.338003 0.107109 0.199559
3.0 0.176521 0.166008 0.077779 0.134913
0.0 0.435581 0.284986 0.061801 0.113314
0.0 0.350832 0.125425 0.061359 0.108626
0.0 0.264531 0.041585 0.061625 0.083169
0.0 0.282939 0.580042 0.074109 0.120636
