4.0 0.321874 0.138895 0.079062 0.182475
5.0 0.152821 0.292377 0.091703 0.208710
1.0 0.461268 0.644865 0.076467 0.166785
9.0 0.241239 0.062461 0.069824 0.124922
3.0 0.403375 0.157858 0.066692 0.136774
2.0 0.436185 0.430349 0.068764 0.156337
0.0 0.253162 0.160196 0.055769 0.112947
0.0 0.250302 0.329144 0.063788 0.116396
0.0 0.339527 0.323497 0.061754 0.120986
0.0 0.360329 0.555755 0.066596 0.123525
7.0 0.251842 0.635398 0.081832 0.165450
8.0 0.490259 0.234699 0.064497 0.150706
11.0 0.759491 0.312093 0.099774 0.212940
6.0 0.674153 0.352962 0.060250 0.110017
6.0 0.610969 0.540443 0.060449 0.124828
6.0 0.552300 0.666562 0.068004 0.121246
