1.0 0.370788 0.321660 0.074325 0.133165
5.0 0.174205 0.391313 0.096753 0.196931
1.0 0.156694 0.537407 0.088355 0.139849
2.0 0.123305 0.652394 0.082667 0.144332
3.0 0.309727 0.772212 0.084824 0.142846
3.0 0.246129 0.079156 0.066202 0.117336
2.0 0.226825 0.142054 0.077511 0.140273
0.0 0.278383 0.333542 0.067674 0.097151
0.0 0.226556 0.661258 0.065079 0.107961
0.0 0.313889 0.155095 0.054580 0.098279
0.0 0.269023 0.431275 0.062079 0.102415
4.0 0.308522 0.212959 0.081851 0.169986
0.0 0.462816 0.083885 0.057673 0.104606
0.0 0.447620 0.243387 0.058079 0.101506
0.0 0.421696 0.557833 0.062735 0.107884
0.0 0.414072 0.785034 0.069453 0.111995
11.0 0.795565 0.311229 0.098503 0.198545
7.0 0.810975 0.555654 0.090231 0.136019
9.0 0.814166 0.797325 0.090793 0.140707
9.0 0.781159 0.091152 0.067264 0.119705
8.0 0.700784 0.087740 0.068136 0.139966
8.0 0.350319 0.538245 0.077918 0.137173
6.0 0.361742 0.442933 0.057892 0.099944
6.0 0.615422 0.178284 0.054173 0.101379
6.0 0.553847 0.089997 0.053986 0.099816
6.0 0.539904 0.265227 0.057298 0.101481
6.0 0.524586 0.667862 0.061547 0.110958
6.0 0.709478 0.793904 0.066047 0.109549
10.0 0.714394 0.419164 0.091975 0.176542
7.0 0.625071 0.346441 0.079448 0.143449
6.0 0.699196 0.349648 0.062828 0.108665
6.0 0.593100 0.547748 0.067109 0.111918
