6.0 0.532510 0.382316 0.056575 0.132188
0.0 0.329089 0.615232 0.067133 0.134362
2.0 0.122860 0.724232 0.075020 0.172705
5.0 0.156111 0.424879 0.080651 0.251707
1.0 0.169863 0.127051 0.065397 0.177738
8.0 0.240647 0.060141 0.063364 0.120283
2.0 0.512028 0.059120 0.052569 0.118241
4.0 0.439727 0.125707 0.070623 0.206464
11.0 0.816632 0.330693 0.081948 0.265973
9.0 0.685118 0.147714 0.071261 0.167530
8.0 0.547196 0.614207 0.059174 0.182155
6.0 0.734512 0.625244 0.065718 0.141964
7.0 0.672812 0.902046 0.073710 0.188679
