10.0 0.894465 0.282807 0.092982 0.145413
11.0 0.904673 0.372869 0.090024 0.196242
8.0 0.862814 0.206904 0.068665 0.123043
8.0 0.923372 0.505353 0.079913 0.147249
7.0 0.847667 0.126432 0.064902 0.108924
7.0 0.952973 0.632841 0.094053 0.140792
9.0 0.965255 0.771467 0.069489 0.157255
9.0 0.839413 0.059111 0.060612 0.106406
6.0 0.744138 0.052198 0.048930 0.092479
6.0 0.748006 0.131556 0.048410 0.096484
6.0 0.765031 0.218844 0.047162 0.094407
6.0 0.773860 0.301102 0.052392 0.097908
6.0 0.788684 0.401503 0.061761 0.108695
6.0 0.807709 0.512586 0.061808 0.117329
6.0 0.823259 0.629483 0.056858 0.117514
6.0 0.843395 0.766313 0.062989 0.131039
4.0 0.195082 0.254328 0.087773 0.157407
5.0 0.168261 0.339832 0.088996 0.198984
2.0 0.146919 0.470362 0.077742 0.138273
1.0 0.210514 0.109430 0.067822 0.113482
1.0 0.135596 0.609332 0.087161 0.144452
3.0 0.222937 0.043483 0.065876 0.086965
3.0 0.109550 0.745218 0.095028 0.151461
0.0 0.310167 0.043619 0.056433 0.087238
0.0 0.301812 0.115488 0.058239 0.083479
0.0 0.298984 0.204159 0.067208 0.095482
0.0 0.289113 0.290157 0.071134 0.091118
0.0 0.283835 0.393109 0.072344 0.104567
0.0 0.267464 0.498429 0.070211 0.102771
0.0 0.261859 0.605536 0.071576 0.119465
0.0 0.241123 0.737236 0.083100 0.129316
