11.0 0.706250 0.650781 0.131250 0.220313
9.0 0.784375 0.819531 0.112500 0.164062
7.0 0.482812 0.378125 0.106250 0.153125
10.0 0.658594 0.324219 0.107812 0.195312
6.0 0.752344 0.275781 0.079688 0.126562
6.0 0.581250 0.312500 0.075000 0.118750
6.0 0.631250 0.541406 0.075000 0.123438
3.0 0.600781 0.750781 0.101562 0.157813
1.0 0.614062 0.165625 0.093750 0.112500
5.0 0.325781 0.311719 0.120312 0.214063
3.0 0.342969 0.024219 0.079688 0.048438
4.0 0.432031 0.257031 0.095312 0.185937
0.0 0.502344 0.289062 0.082812 0.128125
0.0 0.414844 0.035156 0.073437 0.070312
0.0 0.378906 0.164844 0.076562 0.120313
0.0 0.258594 0.545312 0.082812 0.121875
