2 0.44375 0.60234375 0.059375 0.140625
1 0.36640625 0.18984375 0.053125 0.1328125
4 0.3625 0.2890625 0.05625 0.17578125
5 0.17265625 0.365625 0.08203125 0.20078125
3 0.25390625 0.74296875 0.06953125 0.13671875
3 0.2046875 0.0546875 0.0625 0.109375
1 0.1671875 0.60390625 0.0734375 0.1453125
0 0.43984375 0.30234375 0.04765625 0.09921875
0 0.44609375 0.7359375 0.06171875 0.11328125
0 0.26328125 0.6140625 0.05859375 0.1109375
0 0.2875 0.21875 0.0484375 0.11171875
0 0.284375 0.05625 0.05 0.10625
7 0.44140625 0.3921875 0.0703125 0.1421875
9 0.83515625 0.73671875 0.0796875 0.14921875
11 0.7921875 0.3640625 0.07890625 0.20546875
10 0.59921875 0.29296875 0.059375 0.1734375
6 0.66484375 0.14453125 0.0453125 0.1046875
6 0.675 0.2265625 0.04765625 0.10703125
6 0.696875 0.40234375 0.0484375 0.1109375
6 0.62578125 0.5078125 0.05234375 0.1140625
6 0.51875 0.06796875 0.0515625 0.11015625
6 0.51953125 0.3015625 0.05 0.11484375
