11.0 0.864246 0.286087 0.145775 0.254119
7.0 0.651799 0.296266 0.096538 0.181090
7.0 0.391283 0.819215 0.113927 0.234185
9.0 0.657179 0.037193 0.090208 0.074386
9.0 0.552421 0.395739 0.099732 0.179598
6.0 0.777213 0.896603 0.113623 0.190432
6.0 0.756639 0.317178 0.088754 0.141511
6.0 0.639332 0.544046 0.086781 0.158652
6.0 0.539379 0.687940 0.095883 0.165007
6.0 0.569575 0.195290 0.082444 0.127206
6.0 0.556269 0.088090 0.077498 0.128924
8.0 0.679166 0.092499 0.091214 0.175200
8.0 0.332796 0.488977 0.109331 0.198175
4.0 0.395834 0.069588 0.094797 0.139177
1.0 0.141466 0.782770 0.127540 0.234125
1.0 0.367501 0.234502 0.093191 0.165492
2.0 0.357161 0.358534 0.091142 0.175117
2.0 0.217929 0.048471 0.103257 0.096942
5.0 0.141456 0.295194 0.132953 0.248839
0.0 0.478020 0.022024 0.075062 0.044047
0.0 0.313177 0.053900 0.075452 0.107801
0.0 0.264269 0.233090 0.075847 0.124466
0.0 0.243796 0.345763 0.083800 0.140771
0.0 0.182825 0.625605 0.095730 0.160522
