11 0.76796875 0.3015625 0.0890625 0.21328125
9 0.6578125 0.16640625 0.06953125 0.1421875
7 0.6453125 0.76328125 0.084375 0.1609375
6 0.69921875 0.54453125 0.059375 0.11015625
6 0.51953125 0.35078125 0.05390625 0.11640625
8 0.53515625 0.54375 0.06328125 0.153125
8 0.35 0.14765625 0.0625 0.1578125
5 0.17578125 0.39375 0.0890625 0.22421875
0 0.3390625 0.54375 0.06171875 0.11875
4 0.44296875 0.1484375 0.071875 0.18203125
1 0.19609375 0.1453125 0.0796875 0.15703125
2 0.5046875 0.0703125 0.05703125 0.140625
2 0.15078125 0.6390625 0.08203125 0.15703125
