3.0 0.129971 0.143547 0.075626 0.129606
1.0 0.290828 0.832388 0.107173 0.164963
5.0 0.151167 0.468977 0.114243 0.213947
4.0 0.286819 0.178785 0.087852 0.182475
1.0 0.321838 0.351903 0.083359 0.135434
2.0 0.132574 0.212885 0.081432 0.150018
2.0 0.344579 0.450237 0.085108 0.145439
0.0 0.374839 0.264915 0.067317 0.116216
0.0 0.341471 0.105784 0.069857 0.113676
0.0 0.218880 0.212074 0.066913 0.113908
0.0 0.233987 0.384708 0.066913 0.113908
0.0 0.251938 0.478327 0.078360 0.119639
0.0 0.282791 0.709277 0.076492 0.126027
8.0 0.577732 0.071027 0.080835 0.142054
7.0 0.660311 0.632183 0.091587 0.169699
7.0 0.564369 0.323784 0.084451 0.158753
8.0 0.368837 0.561789 0.087589 0.151095
10.0 0.503882 0.422391 0.096123 0.191382
11.0 0.729528 0.256846 0.115647 0.213446
9.0 0.804786 0.483206 0.094284 0.155249
9.0 0.656633 0.060703 0.077606 0.121406
6.0 0.517246 0.163092 0.062699 0.115409
6.0 0.470783 0.264799 0.065471 0.109925
6.0 0.653446 0.316145 0.068856 0.116485
6.0 0.610851 0.517106 0.075185 0.122814
6.0 0.568306 0.659369 0.072838 0.117928
6.0 0.786998 0.735347 0.082552 0.130817
