11.0 0.711677 0.222409 0.149012 0.222384
10.0 0.679090 0.343746 0.138600 0.201100
7.0 0.549549 0.286657 0.103839 0.155539
7.0 0.844436 0.474308 0.141686 0.165212
9.0 0.951318 0.736320 0.097365 0.176820
9.0 0.602343 0.047482 0.090625 0.077051
8.0 0.516481 0.051002 0.093971 0.098598
8.0 0.453939 0.288534 0.097445 0.151147
6.0 0.851354 0.749619 0.111383 0.147059
6.0 0.629454 0.277869 0.084328 0.121252
6.0 0.469890 0.130318 0.077883 0.114153
6.0 0.373210 0.057543 0.075048 0.107827
6.0 0.427986 0.222540 0.081028 0.117678
6.0 0.604880 0.500599 0.092864 0.128955
6.0 0.584009 0.641144 0.093593 0.138842
6.0 0.318538 0.433564 0.094525 0.122666
1.0 0.280735 0.308807 0.104232 0.150782
5.0 0.110055 0.410734 0.144888 0.219017
3.0 0.145041 0.554494 0.120079 0.157626
3.0 0.402475 0.785156 0.124707 0.176040
3.0 0.069147 0.099841 0.089859 0.124892
2.0 0.072317 0.160468 0.105347 0.153464
2.0 0.153785 0.683996 0.129237 0.181034
4.0 0.175233 0.212710 0.128119 0.181924
0.0 0.162553 0.159498 0.074134 0.104667
0.0 0.279229 0.065459 0.077479 0.109891
0.0 0.325987 0.219005 0.080448 0.115111
0.0 0.190318 0.330133 0.084028 0.116797
0.0 0.263813 0.671112 0.101993 0.137785
0.0 0.215535 0.428882 0.097011 0.127434
0.0 0.425286 0.535796 0.097542 0.133299
0.0 0.517606 0.786587 0.103927 0.147021
