10.0 0.788281 0.280469 0.076562 0.182813
11.0 0.796094 0.360938 0.079688 0.218750
8.0 0.728125 0.642969 0.062500 0.160937
8.0 0.752344 0.189844 0.057813 0.157812
3.0 0.864844 0.754687 0.079688 0.162500
3.0 0.735156 0.050781 0.054688 0.101562
7.0 0.441406 0.432031 0.064063 0.154688
7.0 0.583594 0.119531 0.054688 0.154687
6.0 0.660937 0.128906 0.043750 0.098438
6.0 0.649219 0.045312 0.048438 0.090625
6.0 0.721875 0.525000 0.053125 0.115625
6.0 0.705469 0.409375 0.051562 0.118750
6.0 0.674219 0.215625 0.048438 0.118750
6.0 0.514844 0.318750 0.045312 0.121875
6.0 0.632031 0.655469 0.054688 0.126563
6.0 0.667188 0.788281 0.059375 0.132812
3.0 0.181250 0.084375 0.059375 0.115625
3.0 0.264844 0.841406 0.076562 0.157813
5.0 0.160938 0.429688 0.087500 0.231250
4.0 0.170312 0.332031 0.084375 0.198438
2.0 0.154687 0.572656 0.071875 0.164062
2.0 0.342969 0.068750 0.057812 0.115625
1.0 0.353125 0.221094 0.062500 0.157812
1.0 0.168750 0.696094 0.081250 0.164062
0.0 0.466406 0.810156 0.060938 0.126563
0.0 0.265625 0.582031 0.053125 0.117188
0.0 0.268750 0.699219 0.065625 0.126562
0.0 0.271875 0.469531 0.053125 0.123437
0.0 0.432813 0.328906 0.050000 0.114063
0.0 0.417188 0.151562 0.050000 0.112500
0.0 0.267969 0.258594 0.051563 0.120312
0.0 0.263281 0.078125 0.051563 0.118750
