10.0 0.614844 0.282031 0.089063 0.182812
7.0 0.451562 0.400000 0.081250 0.146875
2.0 0.434375 0.602344 0.078125 0.154687
4.0 0.375781 0.298438 0.079688 0.181250
1.0 0.160156 0.616406 0.085938 0.167187
5.0 0.275781 0.382812 0.092188 0.203125
3.0 0.233594 0.075000 0.070312 0.115625
3.0 0.238281 0.757812 0.092187 0.146875
0.0 0.252344 0.628125 0.070312 0.112500
0.0 0.312500 0.071094 0.062500 0.107813
0.0 0.450781 0.306250 0.051563 0.106250
0.0 0.432812 0.739062 0.071875 0.121875
6.0 0.546094 0.064062 0.060937 0.106250
6.0 0.695312 0.217969 0.062500 0.114063
6.0 0.684375 0.131250 0.059375 0.106250
6.0 0.530469 0.298438 0.064063 0.109375
6.0 0.621094 0.495313 0.067187 0.121875
6.0 0.703906 0.389844 0.060937 0.117188
11.0 0.799219 0.346875 0.095313 0.212500
9.0 0.823438 0.710156 0.090625 0.148438
