3.0 0.199742 0.095422 0.065706 0.143047
5.0 0.166584 0.340003 0.093666 0.228206
2.0 0.185690 0.161514 0.064899 0.166346
4.0 0.362205 0.159618 0.076315 0.209713
1.0 0.243308 0.872316 0.090672 0.169794
0.0 0.281090 0.182671 0.056527 0.127849
0.0 0.266443 0.377105 0.055257 0.123162
0.0 0.266817 0.488759 0.060876 0.126424
0.0 0.371874 0.627932 0.063739 0.123450
11.0 0.824657 0.337786 0.099924 0.233574
8.0 0.637756 0.176471 0.060577 0.173259
9.0 0.608763 0.084638 0.062065 0.155570
9.0 0.539927 0.385327 0.067495 0.151686
7.0 0.254227 0.713613 0.078829 0.180434
7.0 0.364470 0.489522 0.070095 0.169228
6.0 0.443173 0.203231 0.056010 0.123412
6.0 0.729556 0.386894 0.054139 0.127231
6.0 0.546323 0.895027 0.062568 0.128532
6.0 0.571099 0.743073 0.061458 0.125937
6.0 0.641538 0.604931 0.061547 0.131805
