9.0 0.644982 0.050406 0.065068 0.100811
9.0 0.913230 0.766810 0.087169 0.151935
11.0 0.858805 0.372547 0.106714 0.216997
10.0 0.646177 0.287999 0.083065 0.187879
6.0 0.730238 0.126330 0.054793 0.115703
6.0 0.741095 0.219678 0.052129 0.116417
6.0 0.760042 0.409767 0.060958 0.114030
6.0 0.767689 0.523476 0.059248 0.116468
6.0 0.551686 0.292971 0.058949 0.112915
6.0 0.564226 0.047702 0.055263 0.095404
7.0 0.644818 0.110815 0.057616 0.143102
7.0 0.464805 0.393678 0.076791 0.156188
2.0 0.235890 0.772969 0.082515 0.154488
2.0 0.130391 0.488376 0.083822 0.154195
3.0 0.199889 0.037056 0.076848 0.074112
5.0 0.151067 0.352034 0.096828 0.224924
4.0 0.372657 0.283576 0.094384 0.186086
1.0 0.381462 0.169455 0.065127 0.150253
1.0 0.135862 0.611730 0.091343 0.158570
0.0 0.461341 0.293817 0.054822 0.115606
0.0 0.291184 0.038467 0.060794 0.076934
0.0 0.290626 0.192259 0.063733 0.121515
0.0 0.248381 0.630328 0.080693 0.127842
0.0 0.459725 0.762834 0.077075 0.128724
