11.0 0.741406 0.634375 0.089062 0.209375
9.0 0.860937 0.793750 0.071875 0.150000
3.0 0.660156 0.744531 0.070312 0.148438
1.0 0.519531 0.133594 0.054688 0.145312
10.0 0.610938 0.307812 0.075000 0.187500
6.0 0.689063 0.256250 0.046875 0.109375
6.0 0.714844 0.438281 0.057813 0.114063
6.0 0.639844 0.524219 0.054688 0.117187
6.0 0.530469 0.303125 0.051563 0.115625
7.0 0.456250 0.382812 0.065625 0.143750
0.0 0.449219 0.287500 0.051562 0.109375
4.0 0.374219 0.266406 0.073437 0.182812
5.0 0.280469 0.321875 0.076562 0.206250
3.0 0.219531 0.031250 0.064063 0.062500
0.0 0.293750 0.033594 0.050000 0.067187
0.0 0.298438 0.173437 0.053125 0.112500
0.0 0.277344 0.567969 0.060937 0.120313
