7.0 0.458594 0.387500 0.082813 0.143750
6.0 0.582031 0.072656 0.060938 0.110937
9.0 0.801562 0.782813 0.103125 0.153125
11.0 0.802344 0.531250 0.117188 0.212500
10.0 0.628125 0.308594 0.090625 0.189063
6.0 0.708594 0.435937 0.064063 0.112500
6.0 0.714063 0.259375 0.059375 0.109375
6.0 0.544531 0.309375 0.064063 0.109375
6.0 0.620313 0.522656 0.068750 0.114063
3.0 0.606250 0.735156 0.093750 0.151562
3.0 0.277344 0.041406 0.076562 0.082812
4.0 0.393750 0.275781 0.084375 0.182812
5.0 0.290625 0.339844 0.100000 0.204688
2.0 0.426562 0.589844 0.081250 0.151563
1.0 0.560938 0.139844 0.071875 0.139063
1.0 0.359375 0.475000 0.084375 0.150000
0.0 0.464844 0.292969 0.064063 0.110938
0.0 0.350781 0.042188 0.064063 0.084375
0.0 0.331250 0.188281 0.062500 0.114062
0.0 0.247656 0.575000 0.073437 0.125000
