10.0 0.602344 0.289844 0.076563 0.178906
7.0 0.445312 0.397656 0.071875 0.142187
2.0 0.441406 0.599219 0.069531 0.150781
4.0 0.363281 0.289844 0.067187 0.175781
1.0 0.167187 0.594531 0.075000 0.163281
5.0 0.267969 0.367969 0.078906 0.197656
3.0 0.206250 0.056250 0.062500 0.111719
3.0 0.254687 0.742188 0.082812 0.140625
0.0 0.260156 0.612500 0.063281 0.108594
0.0 0.286719 0.215625 0.057031 0.106250
0.0 0.285156 0.057813 0.057031 0.103906
0.0 0.439063 0.303125 0.046094 0.102344
0.0 0.449219 0.735937 0.064062 0.117969
6.0 0.519531 0.065625 0.053906 0.102344
6.0 0.679688 0.231250 0.055469 0.109375
6.0 0.662500 0.143750 0.051563 0.102344
6.0 0.518750 0.300781 0.056250 0.106250
6.0 0.622656 0.504688 0.059375 0.117969
6.0 0.698438 0.404687 0.053125 0.114062
11.0 0.791406 0.367188 0.081250 0.206250
9.0 0.839063 0.734375 0.082813 0.143750
