11.0 0.735937 0.599219 0.085938 0.206250
9.0 0.851562 0.745313 0.078906 0.149219
7.0 0.456250 0.385938 0.076563 0.138281
10.0 0.614844 0.292188 0.066406 0.184375
6.0 0.694531 0.224219 0.053906 0.117969
6.0 0.536719 0.300000 0.050000 0.110156
6.0 0.638281 0.510156 0.050000 0.114844
3.0 0.657031 0.721094 0.071094 0.144531
1.0 0.528906 0.128906 0.062500 0.142969
5.0 0.287500 0.357812 0.074219 0.203125
3.0 0.231250 0.046875 0.059375 0.093750
4.0 0.378906 0.280469 0.056250 0.178125
0.0 0.454688 0.295312 0.056250 0.118750
0.0 0.305469 0.050000 0.052344 0.099219
0.0 0.304688 0.202344 0.052344 0.111719
0.0 0.276563 0.600000 0.057813 0.111719
