10.0 0.783131 0.233324 0.106905 0.179070
11.0 0.806460 0.307038 0.118423 0.206876
8.0 0.854760 0.432195 0.093026 0.153313
8.0 0.736395 0.149166 0.080677 0.137891
7.0 0.709323 0.072473 0.082423 0.128045
7.0 0.896390 0.552640 0.105223 0.142746
9.0 0.940111 0.686713 0.105563 0.153461
9.0 0.692749 0.029058 0.072227 0.058117
6.0 0.606401 0.034477 0.060692 0.068954
6.0 0.628574 0.096755 0.059630 0.101763
6.0 0.657236 0.178420 0.062987 0.106304
6.0 0.681745 0.260669 0.062513 0.107018
6.0 0.714359 0.357574 0.070861 0.111135
6.0 0.748217 0.469088 0.077805 0.119988
6.0 0.787690 0.581808 0.075381 0.126398
6.0 0.829621 0.710467 0.080053 0.127086
4.0 0.139298 0.323140 0.102535 0.188316
5.0 0.140356 0.416292 0.117258 0.217656
2.0 0.133088 0.241904 0.082504 0.149234
2.0 0.146993 0.553409 0.089778 0.151135
1.0 0.136004 0.159117 0.084354 0.139806
1.0 0.174161 0.676818 0.100105 0.164757
3.0 0.169577 0.842666 0.106780 0.162726
3.0 0.124310 0.082804 0.073554 0.116645
0.0 0.219618 0.159974 0.067767 0.107859
0.0 0.207868 0.075476 0.063340 0.106140
0.0 0.232616 0.246737 0.065276 0.107509
0.0 0.242162 0.339203 0.069322 0.114800
0.0 0.259355 0.445895 0.071628 0.114007
0.0 0.267139 0.559868 0.071305 0.111932
0.0 0.283793 0.669276 0.077692 0.122532
0.0 0.291790 0.807524 0.092878 0.134508
