10.0 0.825781 0.325781 0.095313 0.220312
11.0 0.824219 0.423437 0.098437 0.256250
9.0 0.840625 0.910156 0.093750 0.179688
9.0 0.803906 0.049219 0.057812 0.098437
8.0 0.803906 0.212500 0.064063 0.178125
8.0 0.713281 0.741406 0.079688 0.189063
6.0 0.721094 0.037500 0.054688 0.075000
6.0 0.720312 0.229687 0.053125 0.131250
6.0 0.717969 0.121094 0.051563 0.123437
6.0 0.726562 0.596875 0.065625 0.131250
6.0 0.725000 0.454688 0.056250 0.140625
6.0 0.628906 0.904688 0.064062 0.146875
6.0 0.615625 0.738281 0.068750 0.151563
6.0 0.543750 0.308594 0.059375 0.132812
7.0 0.639844 0.096094 0.067188 0.167187
7.0 0.455469 0.419531 0.076563 0.192188
4.0 0.197656 0.250781 0.089062 0.223437
5.0 0.170313 0.360938 0.093750 0.250000
2.0 0.214062 0.156250 0.068750 0.175000
2.0 0.139063 0.529687 0.078125 0.178125
1.0 0.393750 0.169531 0.068750 0.185938
1.0 0.128906 0.680469 0.092187 0.195312
3.0 0.206250 0.874219 0.084375 0.189063
3.0 0.246094 0.016406 0.057813 0.032813
0.0 0.328125 0.018750 0.050000 0.037500
0.0 0.318750 0.078906 0.053125 0.117188
0.0 0.303906 0.190625 0.051563 0.121875
0.0 0.287500 0.298438 0.059375 0.131250
0.0 0.273438 0.430469 0.062500 0.132812
0.0 0.247656 0.564063 0.064062 0.137500
0.0 0.232031 0.703125 0.067188 0.143750
0.0 0.416406 0.882031 0.070312 0.157813
