9.0 0.647656 0.046875 0.073437 0.093750
9.0 0.831250 0.858594 0.109375 0.192188
11.0 0.825781 0.389062 0.120313 0.296875
10.0 0.628906 0.303906 0.104688 0.264062
6.0 0.721094 0.442188 0.079688 0.168750
6.0 0.720312 0.210156 0.068750 0.154687
6.0 0.716406 0.099219 0.067187 0.145313
6.0 0.573438 0.042969 0.068750 0.085938
6.0 0.628906 0.578906 0.070312 0.160938
6.0 0.541406 0.318750 0.070312 0.153125
7.0 0.638281 0.092969 0.070312 0.185938
7.0 0.450781 0.439844 0.098438 0.210938
2.0 0.421875 0.709375 0.096875 0.212500
5.0 0.176563 0.410938 0.115625 0.290625
4.0 0.382812 0.315625 0.100000 0.246875
1.0 0.396094 0.185937 0.082813 0.196875
1.0 0.136719 0.714844 0.110938 0.229688
3.0 0.208594 0.894531 0.098438 0.204687
3.0 0.251563 0.065625 0.078125 0.065625
0.0 0.235156 0.728906 0.073437 0.164062
0.0 0.329688 0.057031 0.068750 0.070312
0.0 0.314844 0.219531 0.079687 0.160937
0.0 0.457031 0.314063 0.073438 0.162500
0.0 0.408594 0.886719 0.089062 0.185938
