1.0 0.259134 0.665726 0.084376 0.166018
11.0 0.748912 0.278575 0.100886 0.209976
9.0 0.531998 0.077105 0.069196 0.136058
8.0 0.480789 0.231865 0.072230 0.151761
6.0 0.389653 0.189518 0.059831 0.110505
6.0 0.669130 0.330891 0.056533 0.116357
6.0 0.609470 0.528832 0.065124 0.125652
6.0 0.557746 0.661667 0.066310 0.121911
1.0 0.466457 0.650726 0.085488 0.161499
2.0 0.434163 0.434844 0.074599 0.160464
5.0 0.146865 0.335023 0.095108 0.214051
3.0 0.393967 0.086303 0.067345 0.132799
4.0 0.312736 0.164654 0.075892 0.182167
0.0 0.242254 0.190974 0.061682 0.113764
0.0 0.245446 0.364890 0.070311 0.115355
0.0 0.333148 0.346351 0.065310 0.119504
0.0 0.362366 0.571157 0.067901 0.130540
