9.0 0.890916 0.671073 0.095262 0.147678
11.0 0.750768 0.548840 0.126834 0.226116
10.0 0.572959 0.270782 0.100481 0.181879
6.0 0.641159 0.192157 0.065642 0.113125
6.0 0.639524 0.476675 0.071126 0.122309
6.0 0.494872 0.294821 0.069926 0.116175
7.0 0.438208 0.399847 0.099379 0.153645
4.0 0.340514 0.311497 0.100582 0.193697
5.0 0.263547 0.398206 0.109383 0.216065
0.0 0.414685 0.308126 0.076360 0.118909
0.0 0.317371 0.164773 0.071009 0.114175
0.0 0.221279 0.096807 0.066275 0.108825
0.0 0.299462 0.642736 0.086261 0.135594
3.0 0.156100 0.260020 0.086861 0.138660
3.0 0.697939 0.689734 0.101780 0.165912
