11.0 0.738281 0.598437 0.082813 0.214062
9.0 0.853125 0.743750 0.082031 0.153906
10.0 0.617969 0.287500 0.060156 0.175000
6.0 0.639844 0.506250 0.055469 0.109375
6.0 0.698438 0.224219 0.052344 0.107813
6.0 0.535937 0.292969 0.056250 0.112500
7.0 0.457031 0.387500 0.067187 0.135938
3.0 0.657031 0.720312 0.074219 0.138281
4.0 0.382031 0.282813 0.069531 0.167188
5.0 0.283594 0.357812 0.089063 0.191406
3.0 0.205469 0.192969 0.065625 0.128906
0.0 0.455469 0.289062 0.051562 0.108594
0.0 0.385156 0.135937 0.051562 0.103906
0.0 0.307031 0.049219 0.052344 0.098438
0.0 0.273438 0.600781 0.063281 0.114844
