11 0.77109375 0.296875 0.08125 0.2109375
2 0.44140625 0.43203125 0.06484375 0.1421875
3 0.43515625 0.33359375 0.065625 0.13671875
4 0.34609375 0.146875 0.065625 0.1828125
0 0.35546875 0.5609375 0.0671875 0.1140625
0 0.2765625 0.16875 0.053125 0.11328125
0 0.25859375 0.3390625 0.0609375 0.11484375
5 0.16796875 0.30390625 0.0828125 0.20390625
9 0.27265625 0.06796875 0.06640625 0.128125
6 0.34609375 0.43828125 0.06015625 0.11875
6 0.590625 0.34609375 0.05859375 0.11171875
6 0.54375 0.665625 0.0578125 0.12890625
