9.0 0.956250 0.726562 0.087500 0.165625
11.0 0.807813 0.602344 0.150000 0.242187
10.0 0.582031 0.301563 0.120313 0.200000
6.0 0.651563 0.207031 0.084375 0.129687
6.0 0.723437 0.396875 0.087500 0.128125
6.0 0.667969 0.524219 0.092188 0.129688
6.0 0.489844 0.325781 0.089063 0.126562
7.0 0.430469 0.442188 0.104687 0.162500
2.0 0.491406 0.670312 0.110938 0.168750
4.0 0.310937 0.350781 0.128125 0.207813
5.0 0.232812 0.454688 0.140625 0.231250
1.0 0.366406 0.568750 0.110938 0.168750
0.0 0.400781 0.345313 0.082813 0.125000
0.0 0.207813 0.282813 0.084375 0.128125
0.0 0.298438 0.721094 0.096875 0.135938
0.0 0.157031 0.112500 0.082812 0.121875
3.0 0.073438 0.132031 0.096875 0.123438
3.0 0.751562 0.752344 0.118750 0.176562
