1.0 0.451562 0.646875 0.068750 0.162500
5.0 0.164062 0.303125 0.078125 0.206250
4.0 0.345313 0.145313 0.062500 0.178125
2.0 0.436719 0.432031 0.067188 0.142188
3.0 0.423438 0.157812 0.059375 0.125000
0.0 0.439844 0.326562 0.054688 0.106250
0.0 0.272656 0.169531 0.064062 0.114062
0.0 0.259375 0.338281 0.053125 0.110937
0.0 0.353125 0.563281 0.053125 0.126563
9.0 0.268750 0.073438 0.062500 0.131250
7.0 0.246094 0.645312 0.076562 0.162500
8.0 0.507812 0.233594 0.050000 0.145313
11.0 0.768750 0.300000 0.084375 0.200000
6.0 0.684375 0.340625 0.050000 0.112500
6.0 0.541406 0.662500 0.051562 0.125000
6.0 0.607813 0.538281 0.053125 0.117188
