4.0 0.286886 0.158710 0.098546 0.187783
2.0 0.346025 0.434231 0.086566 0.154910
3.0 0.129035 0.101744 0.076673 0.133760
2.0 0.125568 0.160890 0.083239 0.149128
5.0 0.136120 0.316288 0.115234 0.221277
0.0 0.216383 0.173185 0.076156 0.122243
0.0 0.233996 0.346414 0.072828 0.116462
0.0 0.250749 0.444924 0.080029 0.118175
0.0 0.365811 0.567248 0.081420 0.125991
11.0 0.730314 0.291408 0.117766 0.213979
1.0 0.294315 0.798934 0.113343 0.167601
7.0 0.272444 0.654194 0.105725 0.163543
7.0 0.396522 0.250552 0.091074 0.137187
8.0 0.536098 0.152413 0.078809 0.150070
9.0 0.494311 0.079245 0.074319 0.133450
9.0 0.484397 0.342432 0.084152 0.137037
6.0 0.790931 0.776179 0.084002 0.123278
6.0 0.362875 0.179436 0.067336 0.115737
6.0 0.654008 0.334430 0.073613 0.116565
6.0 0.613522 0.535041 0.072282 0.126312
6.0 0.570138 0.662583 0.075282 0.125944
