10.0 0.780469 0.289062 0.076562 0.168750
11.0 0.792969 0.379687 0.098437 0.215625
8.0 0.745313 0.208594 0.065625 0.148438
8.0 0.817969 0.526563 0.073438 0.150000
9.0 0.721094 0.116406 0.067187 0.135938
9.0 0.851562 0.650000 0.087500 0.156250
9.0 0.711719 0.052344 0.060937 0.104688
9.0 0.877344 0.790625 0.089063 0.153125
6.0 0.624219 0.051562 0.051563 0.103125
6.0 0.637500 0.137500 0.053125 0.109375
6.0 0.674219 0.317188 0.057813 0.125000
6.0 0.698438 0.424219 0.053125 0.120312
6.0 0.721875 0.540625 0.056250 0.125000
6.0 0.746875 0.665625 0.059375 0.125000
6.0 0.773438 0.801562 0.065625 0.137500
4.0 0.155469 0.339844 0.085937 0.195312
5.0 0.150000 0.439062 0.090625 0.225000
2.0 0.152344 0.253906 0.067188 0.151563
2.0 0.147656 0.579687 0.076563 0.162500
1.0 0.152344 0.167969 0.070312 0.142188
1.0 0.157031 0.732813 0.085938 0.162500
3.0 0.157813 0.875781 0.084375 0.167187
3.0 0.153906 0.079687 0.064063 0.128125
0.0 0.230469 0.076563 0.057813 0.106250
0.0 0.239063 0.170313 0.059375 0.109375
0.0 0.246094 0.267188 0.057813 0.115625
0.0 0.246875 0.365625 0.068750 0.118750
0.0 0.257031 0.482031 0.070312 0.126562
0.0 0.255469 0.599219 0.070313 0.114062
0.0 0.266406 0.716406 0.073437 0.126563
0.0 0.267969 0.857031 0.073437 0.123437
