3.0 0.150347 0.078012 0.083572 0.153356
3.0 0.150347 0.078012 0.083572 0.153356
5.0 0.129761 0.445944 0.106514 0.256183
4.0 0.317556 0.152516 0.083090 0.219501
2.0 0.138993 0.154578 0.073866 0.175672
2.0 0.340725 0.479906 0.078986 0.173586
1.0 0.221073 0.869690 0.096113 0.186210
0.0 0.237406 0.175262 0.058236 0.144431
0.0 0.229450 0.375314 0.065491 0.128549
0.0 0.232019 0.487414 0.067114 0.139289
0.0 0.345464 0.634016 0.071948 0.136216
11.0 0.806706 0.350775 0.100042 0.256685
7.0 0.442336 0.877578 0.085803 0.177706
8.0 0.606984 0.173859 0.059603 0.170020
7.0 0.426225 0.272920 0.075120 0.165815
9.0 0.573331 0.080381 0.064528 0.157452
9.0 0.496714 0.175308 0.070751 0.159860
6.0 0.400592 0.194726 0.057084 0.130477
6.0 0.775881 0.896269 0.073559 0.134534
6.0 0.706770 0.398155 0.058834 0.128622
6.0 0.619810 0.620072 0.060850 0.132739
6.0 0.552227 0.755815 0.064787 0.132890
