9 0.5875 0.0640625 0.0546875 0.109375
11 0.7890625 0.371875 0.08046875 0.19609375
9 0.840625 0.72734375 0.071875 0.15234375
8 0.62109375 0.50234375 0.0515625 0.140625
10 0.596875 0.2953125 0.06796875 0.175
6 0.66328125 0.14375 0.04609375 0.1078125
6 0.678125 0.22734375 0.04921875 0.11015625
6 0.69765625 0.40234375 0.05 0.115625
6 0.70546875 0.509375 0.05859375 0.10703125
6 0.64296875 0.73984375 0.06015625 0.121875
6 0.5203125 0.06796875 0.040625 0.11484375
6 0.515625 0.3015625 0.0515625 0.11015625
7 0.58671875 0.1328125 0.05859375 0.1375
7 0.44140625 0.39609375 0.065625 0.14140625
1 0.365625 0.19765625 0.05703125 0.14375
4 0.3625 0.29453125 0.0609375 0.17265625
5 0.16796875 0.3609375 0.0734375 0.19765625
2 0.15859375 0.48828125 0.065625 0.14453125
3 0.25390625 0.73984375 0.0703125 0.13671875
3 0.2046875 0.053125 0.0609375 0.10625
1 0.16484375 0.6015625 0.0765625 0.1421875
0 0.27265625 0.409375 0.059375 0.1078125
0 0.26328125 0.51328125 0.0578125 0.1046875
0 0.26171875 0.61640625 0.0578125 0.1125
0 0.28359375 0.05859375 0.053125 0.1046875
0 0.2875 0.21875 0.05234375 0.10390625
0 0.43515625 0.3015625 0.0484375 0.10859375
0 0.446875 0.73984375 0.06796875 0.1234375
