10.0 0.593557 0.292766 0.106221 0.190568
11.0 0.810735 0.350126 0.126556 0.225024
9.0 0.895668 0.730958 0.108737 0.177632
9.0 0.565717 0.052752 0.074347 0.105504
7.0 0.576581 0.119971 0.088604 0.145235
7.0 0.431783 0.410077 0.094949 0.158311
6.0 0.661394 0.123712 0.065599 0.112992
6.0 0.678418 0.211376 0.066447 0.118369
6.0 0.715678 0.392978 0.072952 0.133212
6.0 0.640482 0.510265 0.078863 0.126033
6.0 0.506363 0.305484 0.072313 0.117903
6.0 0.495398 0.057739 0.069536 0.115478
4.0 0.338138 0.315441 0.105785 0.188526
2.0 0.230558 0.416852 0.094406 0.167239
3.0 0.335263 0.204396 0.086103 0.151677
3.0 0.142308 0.662330 0.107199 0.173885
5.0 0.132893 0.412233 0.118814 0.226327
3.0 0.154519 0.079834 0.086240 0.121425
3.0 0.243629 0.804065 0.105940 0.163302
0.0 0.238264 0.073478 0.068433 0.111768
0.0 0.249983 0.666904 0.080295 0.131869
0.0 0.254219 0.242371 0.078133 0.125548
0.0 0.418430 0.314132 0.072452 0.119294
0.0 0.458039 0.781344 0.081774 0.140455
