9.0 0.917446 0.906339 0.098814 0.185224
9.0 0.724482 0.041760 0.072589 0.083520
10.0 0.722191 0.439159 0.092313 0.228558
11.0 0.785468 0.282464 0.111870 0.261047
7.0 0.856854 0.594043 0.096109 0.181269
7.0 0.606561 0.360338 0.082732 0.180303
8.0 0.740315 0.104263 0.078679 0.181065
8.0 0.510804 0.359541 0.069876 0.180911
6.0 0.796411 0.922057 0.080794 0.155887
6.0 0.690339 0.352657 0.062675 0.139487
6.0 0.559140 0.155287 0.062782 0.145251
6.0 0.478400 0.060430 0.058871 0.120861
6.0 0.497837 0.273799 0.059464 0.137819
6.0 0.532737 0.506218 0.063432 0.140983
6.0 0.615508 0.625447 0.066363 0.150064
6.0 0.563361 0.792188 0.072804 0.163382
5.0 0.134325 0.501281 0.104935 0.255113
1.0 0.329054 0.382909 0.079338 0.179855
1.0 0.139862 0.682263 0.090232 0.176826
3.0 0.357965 0.931624 0.090233 0.136751
3.0 0.149326 0.102269 0.068754 0.157028
2.0 0.140340 0.181118 0.076001 0.186146
2.0 0.130547 0.837092 0.084128 0.187924
4.0 0.239325 0.254454 0.093609 0.217707
0.0 0.233923 0.187938 0.057193 0.137776
0.0 0.232557 0.403292 0.060423 0.135735
0.0 0.377148 0.065991 0.059850 0.131982
0.0 0.392504 0.265766 0.063787 0.141700
0.0 0.238066 0.532304 0.066526 0.137758
0.0 0.240985 0.827791 0.071823 0.146540
0.0 0.468003 0.940562 0.074634 0.118877
0.0 0.430667 0.665383 0.068279 0.148330
