9.0 0.816717 0.922984 0.114489 0.153344
11.0 0.846986 0.638408 0.155798 0.265624
10.0 0.672426 0.360627 0.118236 0.244192
1.0 0.604316 0.130390 0.113653 0.197542
6.0 0.639864 0.055914 0.082134 0.111828
6.0 0.750654 0.523023 0.089334 0.154154
6.0 0.774589 0.290947 0.093119 0.148806
6.0 0.576030 0.361554 0.083888 0.149610
6.0 0.650232 0.632356 0.088962 0.148824
7.0 0.469426 0.464503 0.108448 0.189801
1.0 0.114930 0.673138 0.136317 0.195441
4.0 0.400825 0.314036 0.128470 0.240670
5.0 0.278315 0.397175 0.154246 0.274886
0.0 0.226716 0.711054 0.101274 0.147699
3.0 0.196756 0.859863 0.119580 0.174019
3.0 0.260167 0.017830 0.102959 0.035141
0.0 0.353633 0.027824 0.093757 0.055341
0.0 0.484911 0.347333 0.096306 0.151432
0.0 0.328649 0.204447 0.094058 0.166754
2.0 0.423947 0.717169 0.114809 0.190119
0.0 0.406262 0.879382 0.096051 0.147397
