8 0.709375 0.6109375 0.05234375 0.134375
0 0.44765625 0.7328125 0.04921875 0.1046875
10 0.78203125 0.29453125 0.06953125 0.15625
11 0.79375 0.37265625 0.06875 0.190625
8 0.75078125 0.21171875 0.0484375 0.13359375
9 0.83984375 0.73359375 0.07265625 0.13203125
9 0.7390625 0.065625 0.05 0.11484375
7 0.440625 0.39375 0.04921875 0.1375
7 0.58828125 0.13046875 0.0453125 0.1265625
6 0.659375 0.0625 0.0421875 0.090625
6 0.66484375 0.14375 0.0375 0.09375
6 0.675 0.22578125 0.04453125 0.09921875
6 0.69765625 0.40078125 0.046875 0.10078125
6 0.70625 0.5046875 0.04765625 0.10234375
6 0.64375 0.740625 0.0515625 0.1109375
6 0.61484375 0.615625 0.0515625 0.10703125
6 0.51640625 0.3 0.04140625 0.1
4 0.1859375 0.27734375 0.0640625 0.16875
5 0.1734375 0.3640625 0.071875 0.1875
2 0.19140625 0.20234375 0.04921875 0.1328125
2 0.159375 0.4875 0.05703125 0.13671875
3 0.253125 0.74296875 0.06640625 0.13046875
3 0.2078125 0.053125 0.04921875 0.10625
1 0.3640625 0.1984375 0.04921875 0.13046875
1 0.16640625 0.59921875 0.0671875 0.14296875
0 0.43671875 0.30078125 0.04375 0.1015625
0 0.428125 0.140625 0.04453125 0.09921875
0 0.28515625 0.05703125 0.0390625 0.0984375
0 0.28125 0.2234375 0.0453125 0.10234375
0 0.275 0.40859375 0.04453125 0.10234375
0 0.265625 0.5109375 0.046875 0.1
0 0.26328125 0.61484375 0.05 0.1046875
