11.0 0.762500 0.287500 0.143750 0.234375
9.0 0.647656 0.157812 0.104687 0.159375
7.0 0.653125 0.756250 0.125000 0.181250
6.0 0.701563 0.534375 0.087500 0.125000
6.0 0.514062 0.349219 0.084375 0.129688
8.0 0.535937 0.542188 0.103125 0.168750
8.0 0.337500 0.152344 0.103125 0.173438
5.0 0.170313 0.407813 0.146875 0.246875
0.0 0.338281 0.550000 0.092188 0.134375
4.0 0.431250 0.148438 0.118750 0.200000
1.0 0.182031 0.157031 0.120313 0.176562
2.0 0.490625 0.072656 0.093750 0.145313
2.0 0.152344 0.654688 0.123437 0.178125
