0.0 0.238706 0.648043 0.063452 0.116969
6.0 0.530864 0.669839 0.058721 0.115853
7.0 0.421549 0.773984 0.078055 0.158330
6.0 0.721163 0.801017 0.069019 0.118919
1.0 0.215326 0.766201 0.082899 0.161004
9.0 0.601007 0.086650 0.060229 0.126039
0.0 0.444156 0.078502 0.053765 0.111621
3.0 0.227024 0.069934 0.069081 0.130552
4.0 0.371100 0.135909 0.075616 0.178310
2.0 0.211799 0.129151 0.075376 0.142633
8.0 0.622508 0.168873 0.061187 0.150140
0.0 0.298065 0.149454 0.055772 0.117967
6.0 0.513353 0.172771 0.050144 0.104383
6.0 0.531731 0.265735 0.049701 0.109003
11.0 0.782910 0.312782 0.094497 0.203699
1.0 0.365278 0.314858 0.069641 0.138344
7.0 0.606837 0.343198 0.067864 0.145969
0.0 0.272376 0.321492 0.060055 0.112848
6.0 0.696892 0.354375 0.055436 0.113291
5.0 0.169204 0.383782 0.092159 0.203531
2.0 0.362113 0.413322 0.060901 0.135390
9.0 0.793693 0.456896 0.079435 0.134397
0.0 0.265258 0.420455 0.067680 0.111071
6.0 0.604788 0.545917 0.061227 0.118359
8.0 0.355377 0.528761 0.065582 0.146580
