0.0 0.266345 0.783967 0.076081 0.148611
6.0 0.610833 0.758261 0.063811 0.138972
7.0 0.491240 0.898780 0.087797 0.195682
6.0 0.822351 0.872417 0.070895 0.140513
1.0 0.242584 0.913913 0.100019 0.172175
9.0 0.661131 0.091505 0.063837 0.140780
0.0 0.485322 0.090315 0.059899 0.128102
3.0 0.225272 0.092097 0.082961 0.155732
4.0 0.402769 0.161501 0.085818 0.208605
2.0 0.208957 0.164036 0.090999 0.171786
8.0 0.688243 0.182168 0.064092 0.168370
0.0 0.316169 0.181967 0.065123 0.140077
6.0 0.568269 0.193791 0.054650 0.119428
6.0 0.593119 0.297956 0.053767 0.125379
11.0 0.863405 0.328676 0.094690 0.225130
1.0 0.404148 0.370710 0.079766 0.165090
7.0 0.679284 0.378512 0.071770 0.166890
0.0 0.292771 0.388221 0.071088 0.137286
6.0 0.776200 0.381737 0.057103 0.127698
5.0 0.166810 0.475990 0.112194 0.253463
2.0 0.404995 0.486309 0.069538 0.162904
9.0 0.881170 0.483958 0.079781 0.151112
0.0 0.288555 0.507044 0.080705 0.137338
6.0 0.686479 0.606376 0.065019 0.138422
8.0 0.402316 0.622863 0.075051 0.178496
