8.0 0.832241 0.628765 0.105983 0.198386
9.0 0.604992 0.053555 0.093818 0.107111
9.0 0.972443 0.726875 0.055114 0.184446
11.0 0.882929 0.323722 0.136069 0.252479
10.0 0.652483 0.288744 0.111889 0.211527
8.0 0.603375 0.553516 0.099446 0.183138
6.0 0.731897 0.197553 0.077563 0.125942
6.0 0.708050 0.105790 0.069755 0.119213
6.0 0.785737 0.390409 0.081636 0.141571
6.0 0.814399 0.507887 0.082604 0.136944
6.0 0.780482 0.811508 0.090750 0.160979
6.0 0.726203 0.665040 0.087112 0.142685
6.0 0.557838 0.325514 0.080775 0.130980
6.0 0.526700 0.060909 0.077038 0.121817
7.0 0.616812 0.108491 0.097068 0.164665
7.0 0.483032 0.460990 0.116401 0.183508
4.0 0.153197 0.396489 0.144633 0.239686
5.0 0.145444 0.506857 0.156990 0.269571
3.0 0.304495 0.919921 0.123712 0.160158
3.0 0.145459 0.120503 0.107852 0.142733
2.0 0.337774 0.083206 0.089062 0.144516
2.0 0.144562 0.663822 0.125204 0.197437
1.0 0.361396 0.248896 0.108570 0.182496
1.0 0.173604 0.807379 0.134301 0.211209
0.0 0.464174 0.350484 0.080105 0.136280
0.0 0.430887 0.160798 0.088168 0.137379
0.0 0.243280 0.103814 0.088322 0.134860
0.0 0.264521 0.302037 0.089703 0.135310
0.0 0.279823 0.526647 0.099394 0.139311
0.0 0.284437 0.655845 0.090556 0.148764
0.0 0.300186 0.786494 0.102583 0.162212
0.0 0.547133 0.870119 0.100184 0.166550
