2.0 0.441406 0.431250 0.061719 0.146875
3.0 0.436719 0.337500 0.065625 0.135156
4.0 0.347656 0.146094 0.067969 0.179688
1.0 0.455469 0.647656 0.075000 0.146875
0.0 0.357031 0.560938 0.055469 0.128125
0.0 0.277344 0.170312 0.049219 0.106250
0.0 0.258594 0.336719 0.060938 0.114062
5.0 0.164062 0.303906 0.080469 0.210938
9.0 0.272656 0.070312 0.057031 0.129687
7.0 0.236719 0.640625 0.082812 0.162500
11.0 0.770312 0.300000 0.084375 0.200000
6.0 0.589063 0.346094 0.053125 0.111719
6.0 0.428906 0.537500 0.055469 0.116406
6.0 0.542188 0.666406 0.058594 0.114844
