11.0 0.771094 0.297656 0.070312 0.192187
10.0 0.703125 0.420312 0.068750 0.178125
9.0 0.845313 0.781250 0.078125 0.134375
9.0 0.732031 0.083594 0.057813 0.117188
8.0 0.357031 0.539844 0.064062 0.142188
8.0 0.650000 0.078125 0.053125 0.140625
7.0 0.604688 0.342969 0.056250 0.142188
7.0 0.645312 0.660156 0.065625 0.132812
6.0 0.596875 0.545312 0.059375 0.115625
6.0 0.738281 0.784375 0.060938 0.112500
6.0 0.682031 0.345313 0.045312 0.106250
6.0 0.575781 0.176563 0.042188 0.106250
6.0 0.506250 0.090625 0.046875 0.103125
6.0 0.514062 0.263281 0.046875 0.110937
6.0 0.353906 0.451562 0.045313 0.106250
6.0 0.542188 0.664844 0.050000 0.114063
3.0 0.196094 0.089844 0.051562 0.117188
3.0 0.344531 0.778125 0.064063 0.143750
4.0 0.272656 0.221094 0.067188 0.167187
5.0 0.160938 0.405469 0.071875 0.192188
2.0 0.185156 0.151562 0.054688 0.137500
2.0 0.142188 0.663281 0.068750 0.139062
1.0 0.161719 0.546094 0.073437 0.132813
1.0 0.350781 0.328906 0.057812 0.129688
0.0 0.417187 0.244531 0.046875 0.107813
0.0 0.410938 0.085156 0.046875 0.104688
0.0 0.272656 0.164844 0.048437 0.098437
0.0 0.260156 0.339844 0.048437 0.107812
0.0 0.246094 0.667969 0.057813 0.114062
0.0 0.258594 0.435156 0.054688 0.114063
0.0 0.430469 0.557813 0.048438 0.112500
0.0 0.444531 0.791406 0.057812 0.117188
