10.0 0.807454 0.291437 0.088434 0.177806
11.0 0.815185 0.371672 0.093756 0.211526
8.0 0.740003 0.644335 0.070227 0.151932
8.0 0.770067 0.199652 0.067761 0.155404
3.0 0.881177 0.755950 0.090772 0.151428
3.0 0.752345 0.053997 0.064651 0.107993
7.0 0.439705 0.431154 0.070581 0.147882
7.0 0.589329 0.124003 0.062767 0.152279
6.0 0.671942 0.135866 0.050577 0.098210
6.0 0.660244 0.047489 0.055400 0.094977
6.0 0.734895 0.530298 0.060302 0.110499
6.0 0.717990 0.417156 0.059989 0.114498
6.0 0.685771 0.223532 0.055360 0.116732
6.0 0.516814 0.322239 0.050815 0.118704
6.0 0.639823 0.653818 0.061753 0.119065
6.0 0.675234 0.780997 0.065345 0.124042
3.0 0.157982 0.071894 0.067735 0.126557
3.0 0.260695 0.818750 0.079867 0.144727
5.0 0.144802 0.421310 0.095693 0.221132
4.0 0.152513 0.325662 0.092977 0.191473
2.0 0.141387 0.559328 0.077738 0.154905
2.0 0.331050 0.062071 0.063247 0.124141
1.0 0.343394 0.220574 0.069497 0.155070
1.0 0.159375 0.677891 0.086212 0.153485
0.0 0.467906 0.794640 0.064203 0.116752
0.0 0.256887 0.572520 0.056764 0.110200
0.0 0.262617 0.684244 0.068545 0.117195
0.0 0.261553 0.463424 0.057446 0.116749
0.0 0.429783 0.329602 0.054840 0.111323
0.0 0.411357 0.152377 0.055150 0.111020
0.0 0.253903 0.255448 0.055602 0.118562
0.0 0.246287 0.072597 0.057144 0.121198
