3.0 0.451562 0.340625 0.071875 0.137500
2.0 0.446875 0.431250 0.071875 0.150000
1.0 0.438281 0.646094 0.079688 0.160937
4.0 0.381250 0.148438 0.093750 0.190625
5.0 0.185938 0.305469 0.109375 0.217188
9.0 0.316406 0.071094 0.070312 0.123438
7.0 0.228125 0.645312 0.096875 0.168750
0.0 0.310156 0.167187 0.067188 0.112500
0.0 0.275781 0.339062 0.070312 0.115625
0.0 0.347656 0.561719 0.073438 0.117188
11.0 0.791406 0.293750 0.110938 0.206250
6.0 0.699219 0.339063 0.060938 0.106250
6.0 0.600000 0.533594 0.071875 0.123438
6.0 0.523438 0.665625 0.075000 0.128125
