11 0.76796875 0.2984375 0.08203125 0.209375
8 0.6 0.15859375 0.0578125 0.14140625
9 0.5703125 0.0796875 0.05390625 0.128125
9 0.503125 0.16484375 0.05859375 0.12734375
6 0.68515625 0.34140625 0.0484375 0.11171875
6 0.74140625 0.784375 0.06328125 0.11953125
6 0.6078125 0.5359375 0.0546875 0.12265625
6 0.5421875 0.6625 0.0625 0.12734375
6 0.41796875 0.1765625 0.0484375 0.1046875
7 0.440625 0.25 0.065625 0.1375
7 0.246875 0.640625 0.08125 0.15078125
5 0.1640625 0.4078125 0.08046875 0.20546875
2 0.184375 0.15234375 0.071875 0.14296875
2 0.35625 0.425 0.06796875 0.15
3 0.19765625 0.09765625 0.065625 0.134375
4 0.34453125 0.1484375 0.07109375 0.18125
1 0.23515625 0.7890625 0.078125 0.16484375
0 0.27421875 0.1625 0.053125 0.1140625
0 0.25859375 0.3375 0.05859375 0.10390625
0 0.259375 0.4359375 0.06640625 0.115625
0 0.35546875 0.56796875 0.0625 0.1265625
