7.0 0.442969 0.394531 0.064062 0.135938
6.0 0.518750 0.064844 0.046875 0.104688
9.0 0.839844 0.735156 0.082812 0.142188
11.0 0.803906 0.485938 0.085938 0.200000
10.0 0.597656 0.291406 0.064062 0.182812
6.0 0.696875 0.405469 0.050000 0.104687
6.0 0.675781 0.229687 0.045313 0.103125
6.0 0.515625 0.304688 0.050000 0.103125
6.0 0.622656 0.504687 0.051562 0.109375
3.0 0.639844 0.717969 0.073437 0.142188
3.0 0.208594 0.058594 0.057812 0.117188
4.0 0.362500 0.293750 0.059375 0.175000
5.0 0.269531 0.372656 0.073438 0.195312
2.0 0.440625 0.600000 0.062500 0.143750
1.0 0.507812 0.135156 0.053125 0.132812
1.0 0.357031 0.495313 0.064062 0.140625
0.0 0.435156 0.300000 0.048437 0.103125
0.0 0.283594 0.057813 0.048437 0.103125
0.0 0.285938 0.215625 0.046875 0.109375
0.0 0.261719 0.611719 0.057813 0.117188
