9.0 0.557294 0.055485 0.062142 0.110970
11.0 0.779570 0.309866 0.093857 0.215297
9.0 0.855475 0.649932 0.082264 0.169318
8.0 0.620972 0.475724 0.061172 0.153047
10.0 0.582562 0.276387 0.079922 0.191293
6.0 0.638382 0.111981 0.053452 0.118777
6.0 0.658944 0.191356 0.056734 0.121825
6.0 0.690474 0.360058 0.057891 0.127509
6.0 0.705634 0.464145 0.065882 0.120735
6.0 0.659141 0.705695 0.068464 0.136038
6.0 0.490532 0.068466 0.048475 0.124662
6.0 0.501932 0.300408 0.059075 0.122340
7.0 0.561246 0.117983 0.067979 0.151442
7.0 0.434392 0.410154 0.075270 0.156922
1.0 0.345131 0.230635 0.066849 0.157397
4.0 0.348681 0.327085 0.072739 0.187387
5.0 0.159174 0.435449 0.086943 0.215328
2.0 0.158585 0.563390 0.075485 0.160072
3.0 0.270987 0.791135 0.079628 0.153228
3.0 0.174623 0.123105 0.068169 0.120462
1.0 0.172616 0.673999 0.086246 0.160112
0.0 0.266950 0.460341 0.066716 0.121694
0.0 0.264748 0.565113 0.064940 0.118201
0.0 0.270287 0.667398 0.065478 0.126075
0.0 0.253721 0.111183 0.060259 0.117172
0.0 0.268641 0.268644 0.059425 0.116213
0.0 0.421651 0.318080 0.055847 0.120079
0.0 0.463505 0.748758 0.076374 0.139328
