1 0.45 0.64765625 0.071875 0.1609375
8 0.43828125 0.42890625 0.06328125 0.14921875
4 0.346875 0.1453125 0.065625 0.18671875
5 0.16171875 0.3046875 0.078125 0.203125
3 0.196875 0.08984375 0.0625 0.13125
0 0.271875 0.16640625 0.06015625 0.11328125
0 0.25859375 0.340625 0.0625 0.11484375
0 0.34765625 0.32734375 0.04921875 0.11171875
0 0.35625 0.56484375 0.0609375 0.11796875
7 0.24375 0.6390625 0.07109375 0.1703125
9 0.57265625 0.08125 0.05546875 0.12890625
8 0.5078125 0.23671875 0.059375 0.14765625
6 0.4171875 0.17890625 0.05234375 0.1140625
6 0.68515625 0.3421875 0.05 0.12265625
6 0.5421875 0.66640625 0.05234375 0.12890625
6 0.6078125 0.540625 0.05859375 0.115625
11 0.7703125 0.3015625 0.084375 0.20078125
