10.0 0.900781 0.295312 0.082812 0.168750
11.0 0.904688 0.372656 0.087500 0.201563
8.0 0.926562 0.507812 0.068750 0.140625
8.0 0.870313 0.205469 0.059375 0.135937
7.0 0.859375 0.125781 0.071875 0.120313
7.0 0.944531 0.635156 0.085938 0.129687
9.0 0.859375 0.053125 0.056250 0.106250
9.0 0.956250 0.764844 0.081250 0.135937
6.0 0.839844 0.763281 0.064062 0.110938
6.0 0.825781 0.633594 0.060937 0.110938
6.0 0.811719 0.519531 0.051563 0.104688
6.0 0.800781 0.408594 0.054688 0.107813
6.0 0.788281 0.304688 0.054688 0.103125
6.0 0.778125 0.216406 0.050000 0.104687
6.0 0.768750 0.129688 0.050000 0.096875
6.0 0.764844 0.046875 0.048438 0.093750
4.0 0.192188 0.241406 0.081250 0.185937
5.0 0.169531 0.332813 0.085938 0.212500
2.0 0.197656 0.160938 0.064062 0.146875
2.0 0.149219 0.470312 0.073438 0.146875
1.0 0.222656 0.075781 0.067187 0.142187
1.0 0.151562 0.596094 0.087500 0.157813
3.0 0.117969 0.753125 0.082812 0.150000
3.0 0.223438 0.026562 0.059375 0.053125
0.0 0.317187 0.029687 0.050000 0.059375
0.0 0.311719 0.093750 0.054688 0.100000
0.0 0.306250 0.189062 0.053125 0.109375
0.0 0.296875 0.278906 0.062500 0.110937
0.0 0.295312 0.389844 0.062500 0.110938
0.0 0.275000 0.503125 0.068750 0.115625
0.0 0.272656 0.614844 0.067188 0.117188
0.0 0.253906 0.750000 0.070312 0.115625
