11.0 0.739109 0.606250 0.128570 0.217417
9.0 0.852001 0.752149 0.100207 0.156422
3.0 0.650989 0.728161 0.097673 0.155107
1.0 0.539284 0.127697 0.080974 0.150621
10.0 0.623349 0.292451 0.109294 0.194388
6.0 0.705244 0.230236 0.068297 0.113349
6.0 0.721961 0.411146 0.078433 0.118612
6.0 0.641557 0.508071 0.075977 0.121056
6.0 0.542093 0.297958 0.072829 0.120352
7.0 0.461867 0.387798 0.092874 0.150290
0.0 0.460326 0.292421 0.071887 0.112655
4.0 0.385034 0.279981 0.108871 0.189053
5.0 0.287241 0.348035 0.115459 0.212237
3.0 0.241463 0.047708 0.082558 0.095415
0.0 0.316305 0.045054 0.067182 0.090108
0.0 0.313115 0.195944 0.074325 0.116944
0.0 0.270739 0.597308 0.083924 0.126578
