3.0 0.198437 0.089844 0.059375 0.124219
5.0 0.166406 0.305469 0.085156 0.202344
2.0 0.185156 0.147656 0.058594 0.145313
4.0 0.346875 0.145312 0.069531 0.182812
1.0 0.235156 0.789062 0.085156 0.157031
0.0 0.272656 0.165625 0.051562 0.111719
0.0 0.258594 0.337500 0.050781 0.109375
0.0 0.258594 0.437500 0.056250 0.113281
0.0 0.356250 0.562500 0.059375 0.111719
11.0 0.771094 0.299219 0.086719 0.205469
8.0 0.598437 0.158594 0.053125 0.150781
9.0 0.571094 0.078906 0.054688 0.134375
9.0 0.510938 0.342969 0.060938 0.134375
7.0 0.246094 0.642187 0.073438 0.164844
7.0 0.349219 0.437500 0.064844 0.151562
6.0 0.421094 0.182812 0.050781 0.107812
6.0 0.685156 0.342969 0.047656 0.112500
6.0 0.521094 0.806250 0.057812 0.118750
6.0 0.542969 0.665625 0.056250 0.114844
6.0 0.607031 0.539062 0.055469 0.118750
