11.0 0.789856 0.259318 0.105896 0.215607
3.0 0.450877 0.347938 0.078687 0.147570
1.0 0.360238 0.448991 0.081330 0.157972
2.0 0.448635 0.441241 0.075129 0.164679
4.0 0.385381 0.169259 0.086914 0.188809
5.0 0.188127 0.355439 0.102538 0.227370
0.0 0.309533 0.203459 0.069030 0.114556
0.0 0.276492 0.376886 0.067683 0.123563
0.0 0.348206 0.583779 0.069828 0.129277
9.0 0.317493 0.106952 0.076543 0.141856
6.0 0.607776 0.331726 0.065755 0.127101
6.0 0.424502 0.552581 0.070310 0.119367
6.0 0.525353 0.658871 0.072786 0.128206
