4.0 0.199219 0.254688 0.120313 0.184375
11.0 0.699219 0.260937 0.132812 0.209375
8.0 0.521094 0.067187 0.092187 0.134375
9.0 0.599219 0.063281 0.085938 0.114062
6.0 0.629687 0.317969 0.078125 0.114063
9.0 0.917188 0.731250 0.118750 0.156250
6.0 0.815625 0.750000 0.093750 0.125000
7.0 0.689844 0.639844 0.104688 0.148438
7.0 0.556250 0.328125 0.093750 0.146875
10.0 0.493750 0.417187 0.115625 0.190625
6.0 0.588281 0.660937 0.089063 0.125000
6.0 0.607812 0.531250 0.081250 0.121875
6.0 0.476562 0.165625 0.071875 0.109375
6.0 0.385156 0.092188 0.067188 0.112500
6.0 0.441406 0.261719 0.076562 0.114062
6.0 0.348438 0.471875 0.078125 0.118750
8.0 0.375000 0.557031 0.096875 0.151562
5.0 0.146875 0.453906 0.128125 0.210937
3.0 0.085938 0.132812 0.087500 0.131250
1.0 0.306250 0.351562 0.096875 0.143750
1.0 0.186719 0.593750 0.107813 0.150000
2.0 0.094531 0.196875 0.095312 0.153125
2.0 0.203906 0.710938 0.107813 0.156250
0.0 0.182031 0.198437 0.070312 0.103125
0.0 0.219531 0.369531 0.079688 0.114063
0.0 0.304688 0.702344 0.090625 0.129688
0.0 0.250000 0.471094 0.081250 0.117188
0.0 0.294531 0.101562 0.073437 0.112500
0.0 0.344531 0.258594 0.076562 0.117188
0.0 0.450781 0.565625 0.079687 0.118750
