11.0 0.817969 0.335938 0.101562 0.234375
8.0 0.650000 0.160938 0.071875 0.156250
9.0 0.623437 0.077344 0.065625 0.135938
9.0 0.546875 0.150781 0.071875 0.142187
6.0 0.726562 0.365625 0.059375 0.125000
6.0 0.753906 0.846094 0.076563 0.139062
6.0 0.628906 0.557031 0.067187 0.139063
6.0 0.549219 0.679688 0.076562 0.146875
6.0 0.455469 0.147656 0.060938 0.117187
7.0 0.473437 0.228125 0.081250 0.156250
7.0 0.234375 0.604688 0.100000 0.175000
5.0 0.167187 0.344531 0.103125 0.229687
2.0 0.210938 0.082812 0.087500 0.159375
2.0 0.369531 0.396094 0.085938 0.170313
3.0 0.229687 0.051562 0.081250 0.103125
4.0 0.379687 0.106250 0.090625 0.200000
1.0 0.208594 0.760938 0.098438 0.190625
0.0 0.304688 0.108594 0.065625 0.126562
0.0 0.273438 0.287500 0.071875 0.118750
0.0 0.265625 0.390625 0.081250 0.134375
0.0 0.357031 0.546094 0.076563 0.145313
