4.0 0.346094 0.148437 0.073438 0.180469
2.0 0.184375 0.149219 0.063281 0.138281
3.0 0.197656 0.089844 0.064063 0.126563
5.0 0.165625 0.304688 0.077344 0.205469
1.0 0.235938 0.791406 0.085938 0.166406
0.0 0.275000 0.165625 0.060156 0.118750
0.0 0.260156 0.337500 0.056250 0.112500
0.0 0.260156 0.438281 0.059375 0.117969
0.0 0.357812 0.562500 0.061719 0.114063
11.0 0.769531 0.296875 0.085156 0.199219
8.0 0.598437 0.160938 0.060156 0.141406
7.0 0.243750 0.638281 0.076563 0.164062
7.0 0.350000 0.435937 0.067187 0.164844
9.0 0.571094 0.079687 0.057031 0.127344
9.0 0.511719 0.342969 0.064062 0.135156
6.0 0.415625 0.185156 0.050781 0.114844
6.0 0.684375 0.341406 0.048437 0.115625
6.0 0.546094 0.664844 0.059375 0.125000
6.0 0.604688 0.539063 0.057031 0.125781
