10.0 0.755625 0.331426 0.095813 0.171447
11.0 0.771098 0.404748 0.103376 0.198485
8.0 0.723236 0.246825 0.070093 0.135283
8.0 0.804365 0.534777 0.077125 0.136140
7.0 0.696853 0.166796 0.071820 0.125508
7.0 0.842161 0.653067 0.089653 0.132289
9.0 0.682592 0.096694 0.063311 0.108340
9.0 0.872682 0.774311 0.086420 0.131127
6.0 0.771550 0.765063 0.064873 0.108531
6.0 0.740032 0.642161 0.065009 0.103938
6.0 0.713117 0.535950 0.063231 0.102185
6.0 0.686095 0.428959 0.057655 0.100738
6.0 0.659474 0.330466 0.056874 0.100643
6.0 0.636676 0.248569 0.058329 0.100052
6.0 0.617676 0.166367 0.054100 0.097232
6.0 0.600481 0.080545 0.051728 0.102320
4.0 0.159293 0.240338 0.086194 0.174116
5.0 0.155609 0.325153 0.093758 0.201154
2.0 0.151417 0.166405 0.067750 0.134998
2.0 0.157977 0.448345 0.078308 0.144734
1.0 0.148121 0.092262 0.073031 0.128728
1.0 0.173920 0.580872 0.084586 0.140122
3.0 0.147062 0.036873 0.063849 0.073746
3.0 0.174833 0.704654 0.089811 0.144599
0.0 0.221252 0.039641 0.056795 0.079282
0.0 0.232332 0.112507 0.057791 0.096146
0.0 0.243277 0.197568 0.056308 0.102110
0.0 0.249318 0.280496 0.063447 0.103748
0.0 0.260959 0.381773 0.067783 0.107349
0.0 0.266457 0.483069 0.067460 0.105005
0.0 0.279661 0.584537 0.066192 0.112532
0.0 0.286959 0.704488 0.066945 0.118001
