4.0 0.327805 0.102968 0.085408 0.205936
2.0 0.349573 0.424963 0.076817 0.179743
3.0 0.146915 0.047778 0.070539 0.095556
2.0 0.131709 0.087356 0.076091 0.174713
5.0 0.115764 0.272730 0.103054 0.261908
0.0 0.240320 0.108089 0.071042 0.142948
0.0 0.230231 0.314768 0.068245 0.135806
0.0 0.232645 0.433059 0.076821 0.136983
0.0 0.349582 0.583681 0.075895 0.144835
11.0 0.819022 0.279493 0.098166 0.240883
1.0 0.220990 0.859723 0.109351 0.193083
7.0 0.220797 0.684580 0.100538 0.189294
7.0 0.441995 0.211677 0.084286 0.157597
8.0 0.621491 0.107474 0.065963 0.171815
9.0 0.585675 0.048268 0.063796 0.096536
9.0 0.529252 0.324374 0.075355 0.156668
6.0 0.808438 0.839894 0.075307 0.136175
6.0 0.414717 0.126263 0.059937 0.133992
6.0 0.725939 0.324621 0.064934 0.131307
6.0 0.646223 0.554945 0.062496 0.143237
6.0 0.574385 0.702746 0.066697 0.142923
