11 0.77109375 0.3 0.07421875 0.19375
10 0.70703125 0.41015625 0.071875 0.1703125
7 0.6078125 0.34140625 0.0546875 0.13515625
7 0.81328125 0.546875 0.0796875 0.128125
9 0.84921875 0.78359375 0.07734375 0.13046875
9 0.73046875 0.08671875 0.0546875 0.11875
8 0.64921875 0.08203125 0.05390625 0.1328125
8 0.51953125 0.33125 0.04921875 0.13359375
6 0.7421875 0.784375 0.05703125 0.11015625
6 0.68203125 0.34296875 0.0453125 0.10390625
6 0.578125 0.17890625 0.0421875 0.10234375
6 0.50703125 0.09140625 0.04140625 0.0984375
6 0.51328125 0.2640625 0.04375 0.10390625
6 0.5984375 0.54609375 0.05078125 0.10546875
6 0.54296875 0.66875 0.0484375 0.11171875
6 0.35546875 0.453125 0.0546875 0.10234375
1 0.3515625 0.32890625 0.05546875 0.1328125
5 0.1625 0.40625 0.071875 0.19453125
3 0.1625 0.546875 0.06796875 0.13046875
3 0.34609375 0.778125 0.06640625 0.1359375
3 0.196875 0.08828125 0.05 0.115625
2 0.18515625 0.1515625 0.05546875 0.1421875
2 0.14140625 0.66640625 0.06875 0.146875
4 0.27421875 0.21953125 0.06953125 0.1640625
0 0.275 0.1640625 0.040625 0.0953125
0 0.4140625 0.08515625 0.04296875 0.10078125
0 0.41796875 0.246875 0.04375 0.10234375
0 0.259375 0.33828125 0.04609375 0.10234375
0 0.246875 0.665625 0.05625 0.11015625
0 0.259375 0.43671875 0.05546875 0.1078125
0 0.428125 0.559375 0.05390625 0.109375
0 0.44765625 0.7890625 0.05546875 0.1125
