4.0 0.187206 0.277284 0.067225 0.170630
5.0 0.169662 0.365651 0.070452 0.191739
1.0 0.364172 0.198306 0.058473 0.137777
1.0 0.165325 0.600830 0.067090 0.142505
3.0 0.255059 0.740244 0.062361 0.133889
3.0 0.205669 0.055317 0.054421 0.107289
2.0 0.158534 0.488362 0.061602 0.138573
2.0 0.361129 0.053007 0.049722 0.104923
0.0 0.435746 0.297963 0.041076 0.093944
0.0 0.427963 0.141749 0.037954 0.094711
0.0 0.283820 0.060410 0.041868 0.096292
0.0 0.279918 0.223712 0.043442 0.098643
0.0 0.274570 0.411240 0.052813 0.097907
0.0 0.264903 0.512850 0.047374 0.104131
0.0 0.264614 0.615197 0.049745 0.109611
0.0 0.448000 0.733847 0.053643 0.108067
7.0 0.588065 0.130041 0.044385 0.132240
7.0 0.440896 0.394033 0.060043 0.139347
10.0 0.786482 0.287681 0.063987 0.147178
11.0 0.789201 0.365794 0.075105 0.184730
9.0 0.585397 0.062865 0.045865 0.115060
9.0 0.842538 0.734292 0.071721 0.130809
8.0 0.750946 0.208945 0.042826 0.133014
8.0 0.709918 0.612272 0.058477 0.138558
6.0 0.707074 0.508379 0.053587 0.096348
6.0 0.696410 0.402960 0.050503 0.104927
6.0 0.618539 0.618181 0.052054 0.102591
6.0 0.643351 0.741500 0.052069 0.105716
6.0 0.672131 0.228075 0.045767 0.094748
6.0 0.662365 0.146871 0.039536 0.098624
6.0 0.517448 0.067099 0.039524 0.096281
6.0 0.516232 0.301482 0.041898 0.102542
