10.0 0.781431 0.264869 0.078634 0.174716
11.0 0.792628 0.342061 0.085491 0.201403
8.0 0.819773 0.473874 0.068238 0.146944
8.0 0.749539 0.173812 0.059141 0.135611
7.0 0.735048 0.092243 0.062624 0.125569
7.0 0.841111 0.598886 0.081658 0.132481
9.0 0.862198 0.736455 0.079870 0.142015
9.0 0.729657 0.036671 0.054827 0.073341
6.0 0.645797 0.037390 0.044524 0.074780
6.0 0.655416 0.107483 0.043712 0.100076
6.0 0.670762 0.193877 0.046349 0.103712
6.0 0.682111 0.279895 0.045641 0.103818
6.0 0.698907 0.381089 0.053065 0.106025
6.0 0.714680 0.496239 0.058309 0.113185
6.0 0.735379 0.612488 0.054685 0.119174
6.0 0.755932 0.743715 0.058853 0.117876
4.0 0.178735 0.274066 0.064012 0.179410
5.0 0.169170 0.364992 0.072634 0.205709
2.0 0.182375 0.193535 0.051943 0.143081
2.0 0.159313 0.498526 0.058138 0.139738
1.0 0.194557 0.111857 0.055545 0.134092
1.0 0.169411 0.619952 0.065630 0.150310
3.0 0.146928 0.775708 0.071702 0.144861
3.0 0.192832 0.045245 0.049356 0.090490
0.0 0.269831 0.122623 0.046317 0.103318
0.0 0.269317 0.044059 0.042363 0.088117
0.0 0.271177 0.210431 0.044000 0.102482
0.0 0.268755 0.302785 0.046583 0.108531
0.0 0.271497 0.409275 0.048926 0.106296
0.0 0.264964 0.520651 0.048857 0.103074
0.0 0.266925 0.627765 0.053137 0.111743
0.0 0.257900 0.759963 0.065237 0.119871
