2.0 0.182031 0.149219 0.073438 0.141406
4.0 0.345313 0.143750 0.067187 0.179688
2.0 0.352344 0.428125 0.072656 0.139062
1.0 0.234375 0.785937 0.082812 0.155469
1.0 0.350000 0.325781 0.064062 0.142969
3.0 0.195312 0.087500 0.059375 0.129688
5.0 0.161719 0.410937 0.085938 0.214062
0.0 0.417188 0.249219 0.047656 0.114844
0.0 0.412500 0.084375 0.046094 0.113281
0.0 0.275000 0.166406 0.050781 0.103906
0.0 0.260938 0.336719 0.052344 0.111719
0.0 0.259375 0.435937 0.056250 0.110937
0.0 0.247656 0.667188 0.061719 0.114063
8.0 0.359375 0.538281 0.065625 0.146875
8.0 0.597656 0.156250 0.052344 0.152344
7.0 0.441406 0.782812 0.071094 0.150781
7.0 0.593750 0.335156 0.062500 0.145312
11.0 0.770312 0.296875 0.082813 0.197656
9.0 0.789062 0.438281 0.064844 0.125781
9.0 0.571875 0.082812 0.049219 0.128125
10.0 0.438281 0.310937 0.060156 0.182813
6.0 0.492188 0.175781 0.048437 0.107812
6.0 0.514063 0.264062 0.046094 0.105469
6.0 0.742188 0.785937 0.059375 0.116406
6.0 0.683594 0.333594 0.053125 0.118750
6.0 0.606250 0.539063 0.053906 0.114063
6.0 0.542188 0.663281 0.057031 0.120312
