11.0 0.733632 0.257738 0.114741 0.220608
8.0 0.541910 0.144898 0.072203 0.148375
9.0 0.503136 0.072058 0.082657 0.138818
9.0 0.510649 0.434151 0.095408 0.166416
6.0 0.653924 0.312669 0.074999 0.124059
6.0 0.785156 0.734562 0.079859 0.130856
6.0 0.571594 0.657731 0.082549 0.133546
6.0 0.612061 0.517371 0.075089 0.133832
6.0 0.366012 0.197287 0.067198 0.113030
6.0 0.440055 0.180481 0.071950 0.114555
7.0 0.569642 0.320062 0.090028 0.161036
7.0 0.488931 0.782008 0.096663 0.174127
4.0 0.291734 0.173763 0.094674 0.189567
1.0 0.285829 0.827745 0.111709 0.174325
3.0 0.135415 0.142227 0.083697 0.135984
2.0 0.346567 0.452163 0.091947 0.163601
2.0 0.137623 0.204399 0.088325 0.169016
5.0 0.149112 0.464528 0.124909 0.218511
0.0 0.346712 0.103070 0.073994 0.117890
0.0 0.223287 0.205489 0.073205 0.122266
0.0 0.235238 0.376098 0.066786 0.119719
0.0 0.252458 0.476986 0.077563 0.125978
0.0 0.367662 0.581707 0.084736 0.133151
