4.0 0.144531 0.352344 0.104687 0.179688
5.0 0.146875 0.442187 0.112500 0.203125
1.0 0.299219 0.235938 0.089062 0.146875
1.0 0.195312 0.672656 0.096875 0.154687
3.0 0.314063 0.782031 0.090625 0.132812
3.0 0.112500 0.132031 0.078125 0.117187
2.0 0.164062 0.564844 0.090625 0.148438
2.0 0.264062 0.094531 0.071875 0.114062
0.0 0.391406 0.317188 0.060937 0.100000
0.0 0.349219 0.166406 0.057812 0.101562
0.0 0.189844 0.118750 0.060938 0.103125
0.0 0.222656 0.279687 0.064063 0.106250
0.0 0.260156 0.463281 0.073437 0.107813
0.0 0.273438 0.564063 0.068750 0.112500
0.0 0.296094 0.664062 0.073437 0.118750
0.0 0.500781 0.738281 0.076562 0.117188
7.0 0.502344 0.118750 0.073437 0.137500
7.0 0.417969 0.409375 0.089063 0.150000
10.0 0.730469 0.228125 0.095312 0.156250
11.0 0.750781 0.303125 0.114063 0.196875
9.0 0.484375 0.057813 0.071875 0.115625
9.0 0.885156 0.650781 0.098437 0.142188
8.0 0.678125 0.158594 0.071875 0.139062
8.0 0.728906 0.561719 0.089063 0.148438
6.0 0.702344 0.460938 0.073437 0.106250
6.0 0.668750 0.360156 0.071875 0.114063
6.0 0.641406 0.588281 0.073437 0.110938
6.0 0.692969 0.702344 0.073438 0.114063
6.0 0.606250 0.195312 0.065625 0.103125
6.0 0.578125 0.117969 0.059375 0.104688
6.0 0.418750 0.073438 0.059375 0.103125
6.0 0.471094 0.301563 0.064063 0.109375
