3.0 0.233499 0.066243 0.069474 0.128716
5.0 0.183692 0.278468 0.101647 0.208710
2.0 0.215468 0.122755 0.070445 0.149672
4.0 0.376824 0.133833 0.084456 0.187950
1.0 0.212092 0.766098 0.097888 0.163554
0.0 0.301176 0.147919 0.060652 0.115611
0.0 0.272905 0.318036 0.059679 0.113210
0.0 0.264610 0.417691 0.065453 0.117557
0.0 0.351561 0.550361 0.068437 0.116259
11.0 0.786814 0.322398 0.103463 0.211954
8.0 0.626417 0.167936 0.065449 0.154668
9.0 0.605778 0.086255 0.065645 0.138448
9.0 0.523925 0.344417 0.071874 0.138967
7.0 0.235174 0.620636 0.086858 0.170367
7.0 0.354923 0.425208 0.077192 0.156419
6.0 0.447676 0.177360 0.059549 0.111653
6.0 0.697544 0.358868 0.056824 0.116065
6.0 0.495618 0.806944 0.067463 0.123136
6.0 0.529082 0.668618 0.065582 0.119114
6.0 0.603422 0.547806 0.065128 0.122942
