3.0 0.234479 0.064294 0.080269 0.128588
3.0 0.234479 0.064294 0.080269 0.128588
5.0 0.173549 0.376031 0.107248 0.230227
4.0 0.376388 0.134835 0.083503 0.188000
2.0 0.215647 0.125606 0.072684 0.152300
2.0 0.363840 0.415268 0.079891 0.155242
1.0 0.209049 0.762572 0.098701 0.176185
0.0 0.302249 0.148797 0.057936 0.124757
0.0 0.273395 0.318815 0.064775 0.114535
0.0 0.263337 0.416750 0.067276 0.125567
0.0 0.352033 0.551476 0.072590 0.124482
11.0 0.786305 0.327206 0.103258 0.219839
7.0 0.416489 0.775850 0.089330 0.166103
8.0 0.628266 0.169217 0.061891 0.143639
7.0 0.461219 0.241780 0.075055 0.144008
9.0 0.606858 0.090511 0.064770 0.132302
9.0 0.532261 0.164031 0.070556 0.136666
6.0 0.445871 0.174578 0.056857 0.112304
6.0 0.719328 0.801318 0.075636 0.123974
6.0 0.697046 0.361814 0.059903 0.111795
6.0 0.602344 0.549649 0.062845 0.119003
6.0 0.529350 0.668006 0.066939 0.121675
