1.0 0.338075 0.301450 0.067618 0.141060
5.0 0.155785 0.345840 0.086813 0.206826
1.0 0.165831 0.491934 0.081329 0.149533
2.0 0.154249 0.604289 0.075402 0.153174
3.0 0.362039 0.751054 0.077638 0.152004
3.0 0.168619 0.050254 0.060294 0.100508
2.0 0.161252 0.099633 0.070446 0.148483
0.0 0.248470 0.301121 0.062804 0.104730
0.0 0.258532 0.627154 0.059649 0.115013
0.0 0.250231 0.124569 0.049630 0.104069
0.0 0.257529 0.399170 0.056930 0.109152
4.0 0.255769 0.182644 0.073268 0.178302
0.0 0.384865 0.072201 0.052403 0.110711
0.0 0.399729 0.232229 0.052970 0.107717
0.0 0.433043 0.548254 0.057306 0.114621
0.0 0.468152 0.778086 0.063824 0.119574
11.0 0.758284 0.347860 0.088483 0.208650
7.0 0.819522 0.598285 0.083405 0.146019
9.0 0.868098 0.844272 0.083727 0.150707
9.0 0.702618 0.122309 0.061236 0.126863
8.0 0.622096 0.108056 0.061071 0.146914
8.0 0.358423 0.518772 0.071012 0.145489
6.0 0.351870 0.423459 0.052862 0.106154
6.0 0.554270 0.188599 0.049063 0.107063
6.0 0.476486 0.090629 0.048956 0.105500
6.0 0.495550 0.266806 0.052188 0.107586
6.0 0.555973 0.673862 0.055958 0.117484
6.0 0.763411 0.826746 0.060538 0.116707
10.0 0.697890 0.446638 0.083073 0.186121
7.0 0.595453 0.360757 0.072223 0.151870
6.0 0.669725 0.373964 0.057359 0.115402
6.0 0.601499 0.561011 0.061480 0.119181
