9.0 0.742188 0.066406 0.048437 0.110156
6.0 0.738281 0.732813 0.051563 0.112500
9.0 0.840625 0.735937 0.070312 0.128125
0.0 0.253906 0.737500 0.057031 0.106250
3.0 0.143750 0.745313 0.067188 0.134375
1.0 0.210156 0.126563 0.056250 0.126563
7.0 0.742969 0.132812 0.053906 0.122656
0.0 0.284375 0.139062 0.041406 0.090625
6.0 0.664844 0.145313 0.041406 0.094531
2.0 0.194531 0.202344 0.047656 0.133594
8.0 0.751562 0.210156 0.044531 0.126563
0.0 0.282031 0.224219 0.039062 0.096094
6.0 0.676562 0.227344 0.039062 0.093750
4.0 0.188281 0.280469 0.060937 0.166406
10.0 0.782031 0.295313 0.065625 0.157813
0.0 0.276563 0.307031 0.043750 0.096875
6.0 0.685938 0.309375 0.042969 0.098437
5.0 0.174219 0.365625 0.065625 0.191406
11.0 0.792188 0.367188 0.074219 0.181250
6.0 0.697656 0.401563 0.045313 0.098437
0.0 0.278125 0.407813 0.044531 0.098437
2.0 0.160938 0.486719 0.056250 0.131250
8.0 0.805469 0.494531 0.063281 0.132031
6.0 0.710938 0.507031 0.047656 0.098438
0.0 0.266406 0.512500 0.047656 0.102344
3.0 0.210938 0.052344 0.045312 0.103906
0.0 0.286719 0.058594 0.041406 0.094531
1.0 0.167187 0.603125 0.066406 0.139844
7.0 0.826563 0.611719 0.074219 0.126562
6.0 0.723437 0.615625 0.053125 0.103125
0.0 0.264844 0.616406 0.049219 0.103125
6.0 0.660156 0.064062 0.039062 0.096875
