4.0 0.366328 0.138396 0.081804 0.188234
5.0 0.169280 0.388187 0.097908 0.224156
3.0 0.222508 0.068888 0.070104 0.134696
2.0 0.208009 0.129078 0.072857 0.155065
2.0 0.357602 0.419619 0.080702 0.156304
1.0 0.217941 0.771396 0.098595 0.183004
0.0 0.438494 0.082383 0.055010 0.115932
0.0 0.293568 0.151331 0.065608 0.124327
0.0 0.269889 0.327588 0.063314 0.124970
0.0 0.262729 0.422644 0.073498 0.126346
0.0 0.355120 0.554863 0.063452 0.127309
11.0 0.781689 0.314669 0.093595 0.203695
8.0 0.616080 0.163270 0.058544 0.149559
7.0 0.423835 0.770210 0.084786 0.172865
7.0 0.452527 0.242860 0.081206 0.138458
9.0 0.593282 0.085233 0.066709 0.129833
9.0 0.527115 0.438205 0.072719 0.139513
6.0 0.726757 0.795866 0.068039 0.126025
6.0 0.435325 0.176109 0.059230 0.108408
6.0 0.510655 0.172717 0.058404 0.107582
6.0 0.693375 0.352514 0.054826 0.112812
6.0 0.605331 0.545330 0.063360 0.125749
6.0 0.531695 0.666212 0.067764 0.121346
