7.0 0.496094 0.394531 0.067187 0.145312
9.0 0.925000 0.778125 0.084375 0.156250
11.0 0.799219 0.617969 0.098437 0.220313
10.0 0.669531 0.286719 0.076562 0.189062
6.0 0.763281 0.213281 0.057813 0.120312
6.0 0.689844 0.518750 0.067187 0.125000
6.0 0.580469 0.292969 0.060937 0.114062
6.0 0.594531 0.421094 0.060937 0.129688
1.0 0.580469 0.108594 0.064063 0.154688
4.0 0.412500 0.279687 0.078125 0.196875
5.0 0.303906 0.361719 0.089062 0.217188
0.0 0.490625 0.289844 0.056250 0.114062
0.0 0.335156 0.039062 0.057812 0.078125
0.0 0.328906 0.195312 0.060937 0.115625
0.0 0.282031 0.626562 0.064063 0.134375
3.0 0.246094 0.037500 0.070312 0.075000
3.0 0.703906 0.758594 0.079688 0.154687
