4 0.346875 0.153125 0.06640625 0.17890625
2 0.35703125 0.42890625 0.06015625 0.146875
3 0.1984375 0.090625 0.05390625 0.1265625
2 0.184375 0.14921875 0.0578125 0.14140625
5 0.1671875 0.30390625 0.07734375 0.2109375
0 0.2734375 0.16484375 0.05546875 0.11484375
0 0.26015625 0.3375 0.053125 0.109375
0 0.259375 0.4359375 0.06015625 0.11015625
0 0.353125 0.56171875 0.06015625 0.11796875
11 0.76875 0.3015625 0.08125 0.203125
1 0.23984375 0.7890625 0.08515625 0.15625
7 0.24375 0.64453125 0.078125 0.153125
7 0.440625 0.2484375 0.06796875 0.128125
8 0.5984375 0.15625 0.053125 0.14296875
9 0.56953125 0.08203125 0.0515625 0.1265625
9 0.5125 0.34296875 0.0609375 0.12890625
6 0.74296875 0.78515625 0.06328125 0.11484375
6 0.41953125 0.1765625 0.04765625 0.109375
6 0.684375 0.34140625 0.05390625 0.109375
6 0.6078125 0.5390625 0.05078125 0.11953125
6 0.54140625 0.6640625 0.05390625 0.11875
