4.0 0.349477 0.141786 0.101387 0.245670
5.0 0.137354 0.486041 0.129424 0.281641
3.0 0.152961 0.076275 0.095932 0.152550
2.0 0.144065 0.145070 0.099452 0.206808
2.0 0.375738 0.499213 0.095322 0.190322
1.0 0.255950 0.912257 0.117006 0.175485
0.0 0.433303 0.068726 0.066211 0.137452
0.0 0.259223 0.166737 0.084771 0.162597
0.0 0.255709 0.397462 0.079886 0.157222
0.0 0.260682 0.516494 0.091303 0.155535
0.0 0.389828 0.660294 0.073013 0.150305
11.0 0.855081 0.319876 0.092870 0.241604
8.0 0.656358 0.150824 0.060911 0.188210
7.0 0.492382 0.890143 0.090248 0.192918
7.0 0.469124 0.268696 0.094814 0.173228
9.0 0.622530 0.067733 0.073666 0.135465
9.0 0.577255 0.498361 0.078109 0.165704
6.0 0.821045 0.865060 0.064203 0.135581
6.0 0.440697 0.185181 0.070495 0.138234
6.0 0.531984 0.173369 0.066724 0.135980
6.0 0.759139 0.375783 0.054536 0.133971
6.0 0.674615 0.611505 0.063760 0.144488
6.0 0.602906 0.758293 0.070073 0.137144
