7.0 0.475781 0.380469 0.073437 0.148438
9.0 0.818750 0.829687 0.090625 0.162500
11.0 0.722656 0.655469 0.107813 0.223438
10.0 0.639063 0.325000 0.084375 0.190625
6.0 0.728125 0.282813 0.062500 0.125000
6.0 0.635156 0.540625 0.070312 0.128125
6.0 0.559375 0.309375 0.065625 0.118750
6.0 0.560156 0.429688 0.067187 0.134375
1.0 0.576563 0.142969 0.071875 0.157812
4.0 0.411719 0.256250 0.085938 0.200000
5.0 0.308594 0.304688 0.098437 0.221875
0.0 0.479688 0.285156 0.059375 0.117188
0.0 0.365625 0.031250 0.059375 0.062500
0.0 0.345313 0.159375 0.065625 0.121875
0.0 0.265625 0.538281 0.068750 0.139062
3.0 0.285938 0.018750 0.071875 0.037500
3.0 0.625781 0.758594 0.085938 0.160938
