11 0.7703125 0.3015625 0.078125 0.19375
10 0.52109375 0.425 0.0640625 0.17421875
8 0.6515625 0.08046875 0.05390625 0.13828125
9 0.73359375 0.084375 0.05234375 0.115625
9 0.84765625 0.784375 0.07890625 0.1359375
6 0.74140625 0.78359375 0.0625 0.11171875
7 0.6390625 0.6546875 0.0703125 0.15078125
7 0.6046875 0.3390625 0.0578125 0.1375
6 0.684375 0.34375 0.0484375 0.10078125
6 0.57890625 0.17578125 0.0453125 0.10234375
6 0.5140625 0.2625 0.0453125 0.103125
6 0.6078125 0.54140625 0.0484375 0.1078125
6 0.5421875 0.6671875 0.05234375 0.11015625
6 0.35625 0.44921875 0.04765625 0.0984375
8 0.35859375 0.54296875 0.05859375 0.140625
0 0.27265625 0.16796875 0.0453125 0.1046875
4 0.27734375 0.22109375 0.05859375 0.165625
5 0.1625 0.40390625 0.071875 0.18984375
1 0.16171875 0.54453125 0.0734375 0.1359375
2 0.184375 0.15234375 0.0671875 0.1328125
2 0.14296875 0.6625 0.06484375 0.1375
1 0.35390625 0.32734375 0.0609375 0.13046875
3 0.19609375 0.08671875 0.06328125 0.128125
0 0.4125 0.08515625 0.046875 0.10625
0 0.4171875 0.24921875 0.04765625 0.10703125
0 0.259375 0.33828125 0.04921875 0.103125
0 0.2578125 0.4390625 0.05546875 0.10390625
0 0.24453125 0.66640625 0.06015625 0.11328125
0 0.42890625 0.559375 0.04765625 0.10703125
