8.0 0.750703 0.586992 0.096743 0.174826
9.0 0.543959 0.029633 0.075410 0.059267
9.0 0.919095 0.708013 0.103668 0.161589
11.0 0.815235 0.299143 0.129572 0.237686
10.0 0.580782 0.240345 0.096694 0.194330
8.0 0.526988 0.483299 0.083320 0.158685
6.0 0.662432 0.160591 0.071391 0.117955
6.0 0.640862 0.068327 0.063460 0.113691
6.0 0.711198 0.353761 0.075104 0.129066
6.0 0.736481 0.470227 0.076788 0.121860
6.0 0.692492 0.748283 0.080852 0.135188
6.0 0.643203 0.604575 0.077552 0.121349
6.0 0.487793 0.265992 0.068851 0.116684
6.0 0.466037 0.034001 0.058743 0.068002
7.0 0.549789 0.070438 0.085000 0.140877
7.0 0.415491 0.382703 0.096066 0.157159
4.0 0.123922 0.287385 0.104674 0.200222
5.0 0.117913 0.382884 0.111806 0.221077
3.0 0.252327 0.779915 0.092132 0.157465
3.0 0.119147 0.064040 0.076045 0.076689
2.0 0.289542 0.047840 0.062943 0.073861
2.0 0.117405 0.518846 0.090016 0.155865
1.0 0.306180 0.174950 0.085533 0.161173
1.0 0.142067 0.644738 0.096933 0.162650
0.0 0.399179 0.279311 0.065177 0.119748
0.0 0.370614 0.099101 0.072714 0.124011
0.0 0.204087 0.055312 0.061995 0.073328
0.0 0.219347 0.214941 0.069287 0.115892
0.0 0.232225 0.417371 0.077218 0.113380
0.0 0.235791 0.531290 0.068062 0.120115
0.0 0.249035 0.646532 0.077564 0.127335
0.0 0.468298 0.759588 0.082029 0.133242
