11.0 0.737500 0.597656 0.084375 0.214063
9.0 0.852344 0.742969 0.082813 0.154687
10.0 0.617188 0.286719 0.059375 0.176563
6.0 0.639063 0.506250 0.056250 0.109375
6.0 0.697656 0.224219 0.051562 0.107813
6.0 0.535156 0.292187 0.054688 0.112500
7.0 0.456250 0.386719 0.065625 0.135938
3.0 0.656250 0.719531 0.075000 0.139062
4.0 0.381250 0.282031 0.068750 0.167187
5.0 0.282813 0.357031 0.090625 0.192188
3.0 0.204687 0.192187 0.065625 0.128125
0.0 0.454688 0.288281 0.050000 0.107812
0.0 0.384375 0.135156 0.050000 0.104688
0.0 0.306250 0.049219 0.053125 0.098437
0.0 0.272656 0.600000 0.064062 0.115625
