10.0 0.820062 0.361722 0.098898 0.165521
11.0 0.808839 0.434448 0.108078 0.197306
8.0 0.679592 0.657967 0.082397 0.146641
8.0 0.807867 0.271836 0.077742 0.141986
3.0 0.780264 0.800146 0.100708 0.150676
3.0 0.827948 0.129863 0.072350 0.124102
7.0 0.464709 0.384226 0.083005 0.139516
7.0 0.668013 0.158624 0.073850 0.137499
6.0 0.736964 0.190615 0.056134 0.090041
6.0 0.748756 0.104415 0.061876 0.102920
6.0 0.701859 0.553275 0.067721 0.106386
6.0 0.713108 0.447755 0.067462 0.108507
6.0 0.729141 0.269690 0.062884 0.107498
6.0 0.558719 0.309741 0.060505 0.109877
6.0 0.587870 0.638558 0.071264 0.115878
6.0 0.588776 0.765156 0.075660 0.122654
3.0 0.309283 0.028991 0.074742 0.057983
3.0 0.206797 0.683395 0.093428 0.143990
5.0 0.208978 0.295882 0.113742 0.206539
4.0 0.240439 0.214815 0.106760 0.178142
2.0 0.169707 0.416027 0.090027 0.148322
2.0 0.460774 0.047075 0.072363 0.094150
1.0 0.432301 0.175489 0.082152 0.142232
1.0 0.154061 0.526978 0.098419 0.150171
0.0 0.398879 0.719317 0.074910 0.115955
0.0 0.268166 0.459321 0.066195 0.106050
0.0 0.244115 0.561220 0.078389 0.115270
0.0 0.300364 0.364016 0.067203 0.110627
0.0 0.480898 0.292594 0.063570 0.104019
0.0 0.507561 0.135271 0.063065 0.101731
0.0 0.346217 0.181322 0.064746 0.109360
0.0 0.384828 0.039498 0.065509 0.078995
