9.0 0.852344 0.742969 0.075000 0.135156
11.0 0.739844 0.600781 0.082031 0.203906
10.0 0.618750 0.294531 0.062500 0.166406
6.0 0.698438 0.227344 0.047656 0.104687
6.0 0.715625 0.404687 0.051563 0.104688
6.0 0.639844 0.503906 0.053906 0.105469
6.0 0.535156 0.296875 0.051563 0.102344
7.0 0.457812 0.385156 0.057031 0.134375
2.0 0.455469 0.596875 0.060938 0.142187
4.0 0.378125 0.282812 0.065625 0.174219
5.0 0.286719 0.357031 0.071875 0.193750
1.0 0.372656 0.482812 0.060156 0.142188
0.0 0.455469 0.296094 0.046094 0.101562
0.0 0.307813 0.203125 0.046094 0.104688
0.0 0.277344 0.602344 0.056250 0.112500
0.0 0.306250 0.048437 0.046875 0.096875
3.0 0.231250 0.048437 0.057031 0.096875
3.0 0.657812 0.721094 0.067969 0.146875
