9.0 0.895270 0.911145 0.092735 0.156944
11.0 0.835656 0.335635 0.099558 0.258063
9.0 0.806135 0.072013 0.071706 0.144027
10.0 0.554583 0.489687 0.074521 0.218332
7.0 0.675992 0.768271 0.077163 0.175805
7.0 0.642485 0.380982 0.069962 0.174299
6.0 0.783908 0.913750 0.068706 0.135363
6.0 0.646955 0.629330 0.062306 0.126663
6.0 0.574116 0.779943 0.062834 0.129873
6.0 0.739749 0.395006 0.062773 0.133666
6.0 0.552933 0.292657 0.064229 0.137469
6.0 0.624827 0.177051 0.064549 0.138016
8.0 0.714185 0.072776 0.069174 0.145552
8.0 0.376081 0.635177 0.067156 0.174969
2.0 0.179541 0.144243 0.071527 0.184831
3.0 0.193108 0.072263 0.061579 0.144526
5.0 0.157875 0.466247 0.087460 0.246088
4.0 0.362187 0.139599 0.077158 0.235478
1.0 0.368407 0.375702 0.071672 0.169419
1.0 0.160430 0.638518 0.083297 0.163663
2.0 0.142742 0.775941 0.078382 0.171589
0.0 0.258730 0.785805 0.061628 0.134035
0.0 0.266654 0.510489 0.071725 0.135166
0.0 0.265111 0.385534 0.058485 0.139680
0.0 0.280944 0.172446 0.062331 0.143881
0.0 0.441067 0.065981 0.060773 0.131963
0.0 0.447078 0.268536 0.061503 0.135199
