11.0 0.771094 0.300000 0.074219 0.193750
10.0 0.707031 0.410156 0.071875 0.170313
7.0 0.607813 0.341406 0.054688 0.135156
7.0 0.813281 0.546875 0.079687 0.128125
9.0 0.849219 0.783594 0.077344 0.130469
9.0 0.730469 0.086719 0.054688 0.118750
8.0 0.649219 0.082031 0.053906 0.132812
8.0 0.519531 0.331250 0.049219 0.133594
6.0 0.742188 0.784375 0.057031 0.110156
6.0 0.682031 0.342969 0.045313 0.103906
6.0 0.578125 0.178906 0.042187 0.102344
6.0 0.507031 0.091406 0.041406 0.098438
6.0 0.513281 0.264063 0.043750 0.103906
6.0 0.598437 0.546094 0.050781 0.105469
6.0 0.542969 0.668750 0.048437 0.111719
6.0 0.355469 0.453125 0.054688 0.102344
1.0 0.351562 0.328906 0.055469 0.132812
5.0 0.162500 0.406250 0.071875 0.194531
3.0 0.162500 0.546875 0.067969 0.130469
3.0 0.346094 0.778125 0.066406 0.135937
3.0 0.196875 0.088281 0.050000 0.115625
2.0 0.185156 0.151562 0.055469 0.142188
2.0 0.141406 0.666406 0.068750 0.146875
4.0 0.274219 0.219531 0.069531 0.164062
0.0 0.275000 0.164062 0.040625 0.095313
0.0 0.414062 0.085156 0.042969 0.100781
0.0 0.417969 0.246875 0.043750 0.102344
0.0 0.259375 0.338281 0.046094 0.102344
0.0 0.246875 0.665625 0.056250 0.110156
0.0 0.259375 0.436719 0.055469 0.107813
0.0 0.428125 0.559375 0.053906 0.109375
0.0 0.447656 0.789062 0.055469 0.112500
