4 0.3453125 0.146875 0.07109375 0.184375
5 0.16328125 0.4078125 0.08515625 0.21953125
3 0.19765625 0.0859375 0.0625 0.13125
2 0.18671875 0.146875 0.0640625 0.1515625
2 0.353125 0.428125 0.071875 0.15234375
1 0.234375 0.7875 0.08828125 0.178125
0 0.4140625 0.08671875 0.0484375 0.11328125
0 0.2734375 0.1640625 0.05859375 0.12109375
0 0.26015625 0.34140625 0.05625 0.121875
0 0.25859375 0.43671875 0.06640625 0.12265625
0 0.35859375 0.56328125 0.05625 0.12421875
11 0.7703125 0.2984375 0.08203125 0.19921875
8 0.59609375 0.15703125 0.05 0.146875
7 0.43984375 0.77421875 0.075 0.16875
7 0.4375 0.24609375 0.0734375 0.134375
9 0.56875 0.08046875 0.059375 0.1265625
9 0.5234375 0.43671875 0.06484375 0.1359375
6 0.74375 0.78203125 0.0609375 0.12265625
6 0.41640625 0.18046875 0.053125 0.10546875
6 0.49140625 0.17265625 0.05234375 0.1046875
6 0.684375 0.34140625 0.0484375 0.11015625
6 0.6078125 0.5390625 0.05625 0.12265625
6 0.54140625 0.6640625 0.0609375 0.11796875
