7.0 0.603418 0.143972 0.057399 0.143253
7.0 0.446505 0.401554 0.059170 0.160550
8.0 0.723982 0.681977 0.066891 0.156636
8.0 0.776219 0.260373 0.057099 0.152152
11.0 0.808721 0.425339 0.079388 0.224926
9.0 0.857395 0.829525 0.079876 0.171544
9.0 0.601767 0.071246 0.052247 0.124239
10.0 0.611395 0.316704 0.061534 0.187358
6.0 0.678739 0.165606 0.046130 0.106814
6.0 0.690120 0.260614 0.047916 0.114335
6.0 0.722217 0.562474 0.056412 0.114887
6.0 0.713955 0.447397 0.048942 0.115706
6.0 0.626860 0.672943 0.057257 0.131438
6.0 0.654355 0.813280 0.054926 0.133135
6.0 0.530440 0.062732 0.045880 0.108047
6.0 0.524881 0.316108 0.046353 0.112303
2.0 0.370028 0.044882 0.056464 0.089764
5.0 0.166695 0.337113 0.082338 0.224900
2.0 0.147105 0.466757 0.068472 0.155498
4.0 0.184492 0.245303 0.079573 0.198736
3.0 0.243438 0.763123 0.074489 0.165858
3.0 0.211314 0.035260 0.061323 0.070519
1.0 0.152274 0.588913 0.078923 0.168325
1.0 0.368080 0.181968 0.056572 0.147400
0.0 0.442300 0.305250 0.051680 0.117306
0.0 0.436898 0.130040 0.052272 0.119514
0.0 0.290301 0.040515 0.047996 0.081029
0.0 0.284231 0.196806 0.049047 0.116514
0.0 0.271887 0.397396 0.055052 0.114470
0.0 0.260454 0.511379 0.056917 0.113780
0.0 0.255637 0.621101 0.057404 0.124088
0.0 0.446667 0.775658 0.057481 0.124040
