2.0 0.217367 0.120171 0.086741 0.147833
4.0 0.380414 0.130485 0.084215 0.185333
2.0 0.359969 0.414211 0.085737 0.145425
1.0 0.208021 0.758969 0.097429 0.162735
1.0 0.367513 0.312119 0.077561 0.148484
3.0 0.236543 0.063714 0.071613 0.127428
5.0 0.171893 0.378708 0.106194 0.221357
0.0 0.441775 0.242397 0.058517 0.118907
0.0 0.453018 0.077871 0.056811 0.117201
0.0 0.308243 0.146250 0.060572 0.108322
0.0 0.277811 0.314410 0.062881 0.116249
0.0 0.266680 0.413015 0.066693 0.115848
0.0 0.232700 0.642055 0.072438 0.119486
8.0 0.356337 0.524532 0.079493 0.152523
8.0 0.630374 0.167279 0.066801 0.156684
7.0 0.414387 0.775838 0.085313 0.156938
7.0 0.609221 0.344973 0.076232 0.150666
11.0 0.788653 0.323909 0.101501 0.204725
9.0 0.793669 0.466465 0.076680 0.131452
9.0 0.611800 0.091696 0.061354 0.132277
10.0 0.456815 0.305864 0.077518 0.187765
6.0 0.523512 0.176541 0.058616 0.111984
6.0 0.536766 0.266521 0.056057 0.109425
6.0 0.713463 0.807975 0.070332 0.121593
6.0 0.698796 0.352088 0.064337 0.123323
6.0 0.601984 0.549134 0.064662 0.118732
6.0 0.526233 0.666590 0.068376 0.125255
