11.0 0.849417 0.348735 0.168874 0.320742
8.0 0.674376 0.147426 0.108105 0.220129
9.0 0.657713 0.069439 0.112316 0.138879
9.0 0.511497 0.540357 0.132569 0.224779
6.0 0.728046 0.409726 0.106283 0.175896
6.0 0.693106 0.955982 0.094644 0.079699
6.0 0.486059 0.844042 0.109652 0.168532
6.0 0.588916 0.675080 0.103559 0.177415
6.0 0.449248 0.186609 0.096095 0.162781
6.0 0.540288 0.177979 0.102713 0.166874
7.0 0.627193 0.400056 0.128247 0.226511
7.0 0.355257 0.934153 0.117094 0.131693
4.0 0.375956 0.138212 0.139786 0.271673
1.0 0.132639 0.935972 0.132197 0.128055
3.0 0.214728 0.083983 0.113408 0.156391
2.0 0.325801 0.525797 0.127057 0.217312
2.0 0.196429 0.150169 0.128267 0.238500
5.0 0.114897 0.495885 0.170481 0.285251
0.0 0.464493 0.068736 0.101227 0.135429
0.0 0.288326 0.169237 0.103713 0.173719
0.0 0.236289 0.401933 0.093231 0.161488
0.0 0.217198 0.536867 0.104596 0.164771
0.0 0.298895 0.697078 0.112344 0.169743
