11.0 0.791755 0.296280 0.096139 0.199727
10.0 0.800800 0.398586 0.094401 0.179464
7.0 0.808783 0.534543 0.085157 0.135771
7.0 0.796308 0.240667 0.079001 0.129470
8.0 0.802299 0.649633 0.083086 0.150082
8.0 0.782703 0.150172 0.067241 0.146187
9.0 0.776866 0.078315 0.068246 0.123254
9.0 0.810960 0.780104 0.094831 0.145673
6.0 0.706806 0.782689 0.070601 0.117448
6.0 0.704064 0.641948 0.066688 0.116867
6.0 0.693175 0.542020 0.064347 0.110363
6.0 0.703639 0.426080 0.060926 0.107546
6.0 0.696441 0.340167 0.068946 0.110278
6.0 0.703417 0.264958 0.061120 0.109114
6.0 0.692821 0.175194 0.059167 0.105746
6.0 0.703095 0.085850 0.054077 0.108067
4.0 0.200707 0.332325 0.090481 0.185036
5.0 0.174512 0.412559 0.099262 0.206347
1.0 0.203023 0.250940 0.075379 0.131239
1.0 0.154442 0.549784 0.095219 0.148809
2.0 0.230865 0.151124 0.077116 0.151503
2.0 0.121847 0.669237 0.085821 0.153567
3.0 0.247745 0.096081 0.070884 0.125954
3.0 0.097605 0.815139 0.094631 0.150260
0.0 0.318508 0.094073 0.061612 0.106879
0.0 0.315804 0.172336 0.061508 0.112249
0.0 0.291940 0.258787 0.063662 0.111031
0.0 0.279917 0.343468 0.065912 0.110596
0.0 0.269354 0.441421 0.070012 0.118900
0.0 0.203021 0.808620 0.074610 0.118814
0.0 0.224838 0.669800 0.073918 0.125636
0.0 0.424490 0.559187 0.067269 0.121570
