10 0.784375 0.28515625 0.07421875 0.1375
11 0.79140625 0.3703125 0.0703125 0.1828125
8 0.759375 0.2125 0.05546875 0.11875
8 0.8046875 0.49375 0.06171875 0.1328125
7 0.74765625 0.13359375 0.053125 0.10703125
7 0.8265625 0.60859375 0.07265625 0.12265625
9 0.840625 0.73046875 0.065625 0.13359375
9 0.74140625 0.06640625 0.05 0.10625
6 0.6609375 0.0609375 0.04140625 0.09296875
6 0.6640625 0.140625 0.040625 0.0953125
6 0.678125 0.2265625 0.0390625 0.09140625
6 0.68515625 0.30625 0.04296875 0.09296875
6 0.696875 0.4015625 0.05 0.10078125
6 0.71171875 0.5046875 0.04921875 0.10625
6 0.7234375 0.6109375 0.04453125 0.10390625
6 0.73828125 0.73203125 0.0484375 0.1125
4 0.190625 0.275 0.0703125 0.15546875
5 0.17109375 0.36015625 0.06875 0.19375
2 0.15859375 0.48828125 0.0609375 0.13046875
1 0.19765625 0.128125 0.05546875 0.115625
1 0.15546875 0.6203125 0.06796875 0.13203125
3 0.20546875 0.05234375 0.0546875 0.1046875
3 0.13984375 0.746875 0.0734375 0.134375
0 0.28359375 0.05625 0.046875 0.09453125
0 0.27890625 0.1328125 0.0484375 0.084375
0 0.2796875 0.22265625 0.05546875 0.09453125
0 0.27421875 0.30859375 0.05859375 0.08828125
0 0.2734375 0.409375 0.05859375 0.09921875
0 0.26328125 0.5109375 0.05625 0.0953125
0 0.2625 0.61171875 0.05625 0.10859375
0 0.25 0.73359375 0.06484375 0.1140625
