9.0 0.587500 0.064062 0.054688 0.109375
11.0 0.789062 0.371875 0.080469 0.196094
9.0 0.840625 0.727344 0.071875 0.152344
8.0 0.621094 0.502344 0.051563 0.140625
10.0 0.596875 0.295312 0.067969 0.175000
6.0 0.663281 0.143750 0.046094 0.107812
6.0 0.678125 0.227344 0.049219 0.110156
6.0 0.697656 0.402344 0.050000 0.115625
6.0 0.705469 0.509375 0.058594 0.107031
6.0 0.642969 0.739844 0.060156 0.121875
6.0 0.520312 0.067969 0.040625 0.114844
6.0 0.515625 0.301562 0.051563 0.110156
7.0 0.586719 0.132812 0.058594 0.137500
7.0 0.441406 0.396094 0.065625 0.141406
1.0 0.365625 0.197656 0.057031 0.143750
4.0 0.362500 0.294531 0.060938 0.172656
5.0 0.167969 0.360938 0.073438 0.197656
2.0 0.158594 0.488281 0.065625 0.144531
3.0 0.253906 0.739844 0.070312 0.136719
3.0 0.204688 0.053125 0.060937 0.106250
1.0 0.164844 0.601562 0.076562 0.142187
0.0 0.272656 0.409375 0.059375 0.107813
0.0 0.263281 0.513281 0.057813 0.104687
0.0 0.261719 0.616406 0.057813 0.112500
0.0 0.283594 0.058594 0.053125 0.104687
0.0 0.287500 0.218750 0.052344 0.103906
0.0 0.435156 0.301562 0.048437 0.108594
0.0 0.446875 0.739844 0.067969 0.123438
