11.0 0.801562 0.319531 0.137500 0.220312
8.0 0.578125 0.165625 0.096875 0.150000
9.0 0.527344 0.082812 0.089063 0.134375
9.0 0.467969 0.167187 0.095313 0.134375
6.0 0.714844 0.358594 0.079687 0.117188
6.0 0.871875 0.812500 0.096875 0.125000
6.0 0.666406 0.552344 0.089063 0.129688
6.0 0.617969 0.678125 0.098438 0.134375
6.0 0.371875 0.174219 0.078125 0.110937
7.0 0.413281 0.250781 0.104687 0.145312
7.0 0.272656 0.639062 0.126562 0.159375
5.0 0.128125 0.396875 0.137500 0.215625
2.0 0.096094 0.135156 0.114063 0.151562
2.0 0.353125 0.425000 0.109375 0.159375
3.0 0.099219 0.079687 0.104687 0.143750
4.0 0.281250 0.140625 0.121875 0.190625
1.0 0.290625 0.789844 0.125000 0.173438
0.0 0.202344 0.150781 0.085938 0.120313
0.0 0.221875 0.330469 0.090625 0.110937
0.0 0.243750 0.430469 0.100000 0.123437
0.0 0.382812 0.571094 0.100000 0.132812
