11.0 0.769531 0.298438 0.080469 0.203125
8.0 0.594531 0.157813 0.055469 0.142969
9.0 0.573438 0.085156 0.058594 0.117969
9.0 0.516406 0.243750 0.064062 0.122656
7.0 0.439063 0.248437 0.057031 0.132031
6.0 0.420312 0.181250 0.052344 0.105469
6.0 0.685938 0.341406 0.050000 0.107813
6.0 0.606250 0.540625 0.052344 0.116406
6.0 0.741406 0.782812 0.060938 0.117969
6.0 0.541406 0.665625 0.060938 0.124219
7.0 0.442969 0.779688 0.073438 0.166406
5.0 0.160156 0.408594 0.084375 0.206250
3.0 0.196875 0.083594 0.064844 0.132813
1.0 0.236719 0.789062 0.082031 0.162500
4.0 0.342187 0.148438 0.067187 0.182031
2.0 0.184375 0.150000 0.058594 0.141406
2.0 0.355469 0.427344 0.060156 0.146094
0.0 0.504687 0.159375 0.053125 0.110156
0.0 0.273438 0.166406 0.057031 0.114062
0.0 0.257812 0.335938 0.052344 0.109375
0.0 0.255469 0.435937 0.060938 0.112500
0.0 0.356250 0.560156 0.061719 0.120312
