10.0 0.826563 0.265625 0.103125 0.196875
11.0 0.841406 0.350781 0.110938 0.232812
8.0 0.882812 0.495312 0.084375 0.162500
8.0 0.783594 0.170313 0.073438 0.159375
7.0 0.760938 0.082812 0.084375 0.143750
7.0 0.917969 0.631250 0.098437 0.150000
9.0 0.750000 0.030469 0.068750 0.060937
9.0 0.947656 0.768750 0.095313 0.156250
6.0 0.839063 0.787500 0.071875 0.125000
6.0 0.807031 0.650781 0.070312 0.126563
6.0 0.776563 0.530469 0.062500 0.120312
6.0 0.748437 0.410937 0.065625 0.121875
6.0 0.721875 0.297656 0.065625 0.120312
6.0 0.697656 0.201563 0.060937 0.121875
6.0 0.675000 0.105469 0.062500 0.114063
6.0 0.657813 0.032813 0.059375 0.065625
4.0 0.159375 0.344531 0.100000 0.210938
5.0 0.156250 0.449219 0.106250 0.239062
2.0 0.150000 0.255469 0.078125 0.167187
2.0 0.162500 0.599219 0.084375 0.164062
1.0 0.156250 0.156250 0.081250 0.162500
1.0 0.188281 0.731250 0.098437 0.175000
3.0 0.186719 0.902344 0.092188 0.164062
3.0 0.142187 0.066406 0.071875 0.132812
0.0 0.230469 0.060156 0.060937 0.120313
0.0 0.242188 0.158594 0.062500 0.114063
0.0 0.253906 0.265625 0.064063 0.125000
0.0 0.262500 0.365625 0.071875 0.125000
0.0 0.280469 0.485938 0.070312 0.125000
0.0 0.282031 0.611719 0.076563 0.129687
0.0 0.299219 0.731250 0.073437 0.131250
0.0 0.307031 0.875000 0.076563 0.128125
