11.0 0.763260 0.341116 0.082099 0.213356
7.0 0.591343 0.352552 0.058318 0.152905
7.0 0.446139 0.770724 0.069564 0.170181
9.0 0.561245 0.090184 0.058791 0.137398
9.0 0.521347 0.437014 0.063664 0.147480
6.0 0.747733 0.817811 0.064934 0.132873
6.0 0.679701 0.369785 0.054516 0.118058
6.0 0.608598 0.556119 0.052295 0.123954
6.0 0.545407 0.669650 0.060858 0.123689
6.0 0.510973 0.266421 0.055939 0.111263
6.0 0.485718 0.170696 0.052156 0.116923
8.0 0.590941 0.174117 0.054520 0.157784
8.0 0.354661 0.516227 0.070911 0.159479
4.0 0.339928 0.124540 0.061309 0.186071
1.0 0.243980 0.749553 0.076641 0.173586
1.0 0.345753 0.301457 0.062821 0.144238
2.0 0.355645 0.408105 0.058976 0.146773
2.0 0.178271 0.103252 0.071553 0.152566
3.0 0.189616 0.055669 0.058637 0.111338
5.0 0.162199 0.354755 0.082130 0.214919
0.0 0.402774 0.072492 0.052938 0.117041
0.0 0.268438 0.133221 0.052845 0.112354
0.0 0.256952 0.301293 0.051221 0.108993
0.0 0.258097 0.398831 0.055312 0.118957
0.0 0.252500 0.628548 0.060873 0.124470
