3.0 0.129055 0.146995 0.091045 0.137669
3.0 0.129055 0.146995 0.091045 0.137669
5.0 0.152475 0.465874 0.126566 0.235565
4.0 0.285048 0.179967 0.099360 0.191978
2.0 0.127502 0.213167 0.085427 0.155994
2.0 0.346399 0.453894 0.092763 0.159549
1.0 0.287990 0.829619 0.113146 0.181823
0.0 0.217155 0.212862 0.068408 0.127633
0.0 0.233846 0.384502 0.074153 0.118257
0.0 0.249793 0.481651 0.077634 0.129298
0.0 0.370684 0.588439 0.082738 0.128732
11.0 0.731044 0.258241 0.121686 0.225016
7.0 0.491665 0.788093 0.103024 0.171070
8.0 0.537137 0.147168 0.074045 0.146501
7.0 0.394931 0.260955 0.086976 0.148092
9.0 0.495860 0.076818 0.075807 0.135663
9.0 0.443127 0.167312 0.081883 0.140478
6.0 0.362516 0.200121 0.066187 0.115332
6.0 0.790600 0.733342 0.085674 0.128518
6.0 0.653967 0.315023 0.069124 0.115118
6.0 0.611776 0.521106 0.072679 0.122454
6.0 0.572335 0.654451 0.076940 0.125454
