3.0 0.626012 0.724039 0.081763 0.136645
9.0 0.822926 0.738288 0.086393 0.135961
11.0 0.715245 0.595220 0.096892 0.204824
10.0 0.614422 0.294242 0.072616 0.171558
6.0 0.705296 0.410360 0.057221 0.110394
6.0 0.696014 0.227078 0.052304 0.107172
6.0 0.623933 0.506479 0.059564 0.110443
6.0 0.533935 0.303529 0.060117 0.107334
4.0 0.378542 0.288575 0.072121 0.175448
5.0 0.276447 0.368616 0.088736 0.199975
2.0 0.434929 0.598021 0.074484 0.154436
3.0 0.241058 0.053528 0.065262 0.107055
7.0 0.446664 0.394832 0.070883 0.137200
1.0 0.533552 0.137646 0.064976 0.141758
1.0 0.355088 0.491522 0.067548 0.144931
0.0 0.450455 0.300236 0.055753 0.101003
0.0 0.317392 0.054925 0.055582 0.098659
0.0 0.308248 0.212005 0.054534 0.105658
0.0 0.256385 0.610755 0.064309 0.111321
