11.0 0.797656 0.260937 0.104687 0.221875
10.0 0.834375 0.375000 0.103125 0.196875
7.0 0.878906 0.524219 0.092188 0.145313
7.0 0.787500 0.198437 0.087500 0.143750
8.0 0.900781 0.650000 0.089063 0.159375
8.0 0.748437 0.095313 0.075000 0.165625
9.0 0.722656 0.042188 0.076563 0.084375
9.0 0.943750 0.789844 0.100000 0.151562
6.0 0.829688 0.799219 0.075000 0.123437
6.0 0.789844 0.646875 0.073437 0.125000
6.0 0.751562 0.539062 0.071875 0.118750
6.0 0.732031 0.410156 0.067187 0.117188
6.0 0.700781 0.314063 0.076562 0.121875
6.0 0.689062 0.228906 0.068750 0.123438
6.0 0.652344 0.127344 0.067187 0.120313
6.0 0.639844 0.042969 0.060937 0.085938
4.0 0.117969 0.324219 0.110937 0.210938
5.0 0.110937 0.417188 0.121875 0.234375
1.0 0.095312 0.230469 0.093750 0.151563
1.0 0.128906 0.575781 0.114063 0.164062
2.0 0.097656 0.111719 0.095313 0.176563
2.0 0.126562 0.712500 0.103125 0.168750
3.0 0.101562 0.060156 0.087500 0.120313
3.0 0.142187 0.875781 0.112500 0.160938
0.0 0.185938 0.052344 0.075000 0.104688
0.0 0.207813 0.135156 0.075000 0.129688
0.0 0.205469 0.236719 0.076563 0.126562
0.0 0.216406 0.334375 0.079687 0.125000
0.0 0.233594 0.446875 0.082813 0.134375
0.0 0.264062 0.861719 0.087500 0.126563
0.0 0.248437 0.706250 0.087500 0.137500
0.0 0.449219 0.571875 0.076562 0.134375
