9.0 0.839844 0.729688 0.076563 0.157031
11.0 0.807813 0.488281 0.087500 0.205469
10.0 0.598437 0.292969 0.063281 0.173437
6.0 0.677344 0.229687 0.048437 0.110156
6.0 0.699219 0.403125 0.053125 0.107031
6.0 0.623438 0.503125 0.055469 0.109375
6.0 0.522656 0.063281 0.035156 0.097656
6.0 0.517187 0.302344 0.049219 0.103125
7.0 0.442969 0.393750 0.063281 0.138281
1.0 0.509375 0.135156 0.052344 0.134375
2.0 0.442969 0.599219 0.058594 0.145313
5.0 0.267188 0.367188 0.075000 0.196094
4.0 0.362500 0.291406 0.059375 0.182031
1.0 0.356250 0.488281 0.062500 0.145313
3.0 0.207813 0.054688 0.053125 0.109375
0.0 0.284375 0.055469 0.047656 0.100781
0.0 0.285156 0.215625 0.050000 0.104687
0.0 0.437500 0.300000 0.045313 0.098437
0.0 0.445312 0.735937 0.060156 0.110156
0.0 0.262500 0.614062 0.057813 0.109375
3.0 0.254687 0.742969 0.078125 0.138281
