4.0 0.308009 0.157319 0.086452 0.180725
2.0 0.349066 0.432822 0.076613 0.148523
3.0 0.152569 0.098885 0.068087 0.128039
2.0 0.145072 0.157863 0.073656 0.142990
5.0 0.145216 0.313022 0.100978 0.213056
0.0 0.235885 0.171049 0.068336 0.116363
0.0 0.241949 0.344069 0.065380 0.110830
0.0 0.252197 0.442528 0.072499 0.111804
0.0 0.360040 0.565742 0.073374 0.119616
11.0 0.746516 0.294202 0.104009 0.205350
1.0 0.272232 0.796188 0.102663 0.158582
7.0 0.259944 0.651550 0.095282 0.155265
7.0 0.412439 0.250064 0.082324 0.129987
8.0 0.559922 0.153554 0.069144 0.144424
9.0 0.522700 0.080127 0.065743 0.127975
9.0 0.494905 0.342626 0.075381 0.130575
6.0 0.774919 0.778502 0.076149 0.116577
6.0 0.383292 0.178766 0.059911 0.110680
6.0 0.666605 0.336356 0.066161 0.110851
6.0 0.612189 0.536110 0.064174 0.120922
6.0 0.559789 0.662928 0.067212 0.120226
