10.0 0.521875 0.413281 0.075000 0.214062
7.0 0.600000 0.310156 0.062500 0.170313
7.0 0.651563 0.682031 0.081250 0.182813
11.0 0.791406 0.266406 0.095313 0.232813
9.0 0.750781 0.046094 0.067188 0.092188
9.0 0.886719 0.832812 0.095312 0.168750
6.0 0.768750 0.829687 0.075000 0.146875
6.0 0.695312 0.319531 0.062500 0.135937
6.0 0.577344 0.130469 0.051563 0.123438
6.0 0.616406 0.548438 0.060937 0.125000
6.0 0.546875 0.689844 0.065625 0.132812
6.0 0.511719 0.235937 0.054688 0.134375
8.0 0.662500 0.050000 0.062500 0.100000
8.0 0.350000 0.548438 0.065625 0.168750
3.0 0.182031 0.060937 0.060938 0.121875
5.0 0.151562 0.399219 0.078125 0.220313
1.0 0.339063 0.314844 0.065625 0.157812
1.0 0.152344 0.558594 0.076562 0.157812
2.0 0.173437 0.121094 0.062500 0.157813
2.0 0.135156 0.683594 0.070312 0.157812
4.0 0.260156 0.195312 0.079687 0.184375
0.0 0.259375 0.133594 0.053125 0.114062
0.0 0.402344 0.048438 0.054688 0.096875
0.0 0.410156 0.221094 0.051562 0.123438
0.0 0.246875 0.327344 0.050000 0.120312
0.0 0.247656 0.439844 0.057812 0.123438
0.0 0.242969 0.693750 0.060938 0.131250
