9.0 0.839062 0.749872 0.081901 0.143684
11.0 0.775443 0.275017 0.081798 0.210660
9.0 0.746616 0.064972 0.058750 0.126800
10.0 0.521302 0.421749 0.065261 0.181909
7.0 0.631510 0.643938 0.068256 0.154917
7.0 0.601589 0.326503 0.060079 0.143276
6.0 0.733541 0.760933 0.060964 0.123105
6.0 0.604974 0.528713 0.055052 0.109331
6.0 0.536666 0.661826 0.056797 0.114940
6.0 0.689506 0.329490 0.053542 0.110753
6.0 0.521902 0.263577 0.055912 0.111745
6.0 0.586642 0.167394 0.055079 0.110112
8.0 0.665574 0.068573 0.056928 0.137146
8.0 0.356380 0.555773 0.061849 0.149667
2.0 0.196017 0.179204 0.064818 0.145261
3.0 0.210522 0.117922 0.055495 0.122612
5.0 0.164896 0.435150 0.081563 0.203629
4.0 0.355522 0.160946 0.068464 0.184535
1.0 0.355626 0.344758 0.064610 0.139011
1.0 0.160208 0.575776 0.077917 0.140988
2.0 0.138385 0.693019 0.074349 0.150793
0.0 0.244348 0.692044 0.058464 0.118206
0.0 0.260599 0.461583 0.066120 0.114222
0.0 0.263178 0.360872 0.053672 0.114659
0.0 0.283595 0.192348 0.055990 0.114089
0.0 0.426304 0.093817 0.052761 0.110682
0.0 0.427996 0.253340 0.054271 0.109260
