10.0 0.551562 0.289062 0.106250 0.196875
11.0 0.754687 0.349219 0.125000 0.229687
9.0 0.875781 0.702344 0.104687 0.179688
9.0 0.494531 0.058594 0.073437 0.117188
7.0 0.514063 0.125781 0.087500 0.151562
7.0 0.421094 0.394531 0.095313 0.164062
6.0 0.592187 0.132031 0.065625 0.117187
6.0 0.618750 0.215625 0.065625 0.121875
6.0 0.675000 0.386719 0.071875 0.135938
6.0 0.622656 0.492969 0.076562 0.129688
6.0 0.475000 0.298438 0.071875 0.121875
6.0 0.432031 0.061719 0.070312 0.123438
4.0 0.323438 0.302344 0.106250 0.195313
2.0 0.238281 0.396094 0.095313 0.173437
3.0 0.305469 0.197656 0.085938 0.157812
3.0 0.190625 0.624219 0.106250 0.179688
5.0 0.147656 0.388281 0.120313 0.232812
3.0 0.120313 0.071875 0.084375 0.131250
3.0 0.303125 0.758594 0.103125 0.167187
0.0 0.196875 0.068750 0.068750 0.118750
0.0 0.289844 0.631250 0.079688 0.134375
0.0 0.235938 0.231250 0.078125 0.131250
0.0 0.396875 0.303906 0.071875 0.123437
0.0 0.493750 0.741406 0.081250 0.142188
