1 0.35 0.3265625 0.05859375 0.13125
5 0.1625 0.40234375 0.0734375 0.19453125
1 0.1625 0.5484375 0.071875 0.1375
2 0.14296875 0.6640625 0.065625 0.1421875
3 0.34296875 0.77734375 0.06796875 0.140625
3 0.196875 0.0890625 0.05234375 0.115625
2 0.18515625 0.15234375 0.0609375 0.13828125
0 0.259375 0.34140625 0.05625 0.0953125
0 0.246875 0.66953125 0.05234375 0.10625
0 0.2734375 0.1625 0.04296875 0.096875
0 0.26171875 0.4390625 0.05 0.10078125
4 0.275 0.2203125 0.06171875 0.16796875
0 0.41328125 0.08671875 0.0453125 0.103125
0 0.4171875 0.24609375 0.04609375 0.1
0 0.42890625 0.56015625 0.05 0.10625
0 0.4484375 0.78671875 0.05625 0.11015625
11 0.771875 0.30234375 0.075 0.19609375
7 0.81640625 0.5453125 0.07421875 0.13359375
9 0.8484375 0.7859375 0.07421875 0.13828125
9 0.73125 0.08359375 0.053125 0.11796875
8 0.65078125 0.0828125 0.0515625 0.13828125
8 0.35546875 0.54296875 0.06171875 0.13515625
6 0.35546875 0.44765625 0.04609375 0.0984375
6 0.5765625 0.17578125 0.0421875 0.1
6 0.5046875 0.08984375 0.0421875 0.0984375
6 0.51171875 0.26484375 0.0453125 0.1
6 0.54453125 0.66640625 0.0484375 0.109375
6 0.74375 0.7859375 0.053125 0.1078125
10 0.70390625 0.4125 0.07109375 0.17421875
7 0.60625 0.34296875 0.0625 0.14140625
6 0.68046875 0.34375 0.05 0.10703125
6 0.5984375 0.54453125 0.05390625 0.11015625
