10.0 0.742488 0.250751 0.096530 0.168404
11.0 0.762912 0.320104 0.106203 0.193208
8.0 0.805403 0.437083 0.082735 0.141369
8.0 0.700351 0.171017 0.073385 0.130759
7.0 0.676022 0.097604 0.075569 0.122224
7.0 0.841267 0.548110 0.093315 0.129882
9.0 0.878299 0.670041 0.092531 0.137925
9.0 0.661258 0.041771 0.066573 0.083541
6.0 0.580801 0.047277 0.055823 0.094553
6.0 0.600932 0.121441 0.054639 0.096881
6.0 0.626861 0.199329 0.057500 0.100372
6.0 0.648807 0.277141 0.056731 0.100233
6.0 0.677858 0.367962 0.063928 0.103017
6.0 0.707585 0.471362 0.069648 0.109999
6.0 0.742065 0.574701 0.066773 0.114689
6.0 0.778128 0.691249 0.070340 0.113843
4.0 0.154671 0.336725 0.087150 0.174155
5.0 0.157456 0.422749 0.099129 0.199375
2.0 0.147396 0.261035 0.070433 0.139155
2.0 0.165763 0.548263 0.075892 0.136418
1.0 0.148440 0.183054 0.072755 0.131389
1.0 0.192123 0.659413 0.084473 0.146890
3.0 0.190819 0.806503 0.089655 0.142615
3.0 0.136198 0.110640 0.063774 0.110429
0.0 0.224745 0.183606 0.059176 0.101418
0.0 0.212656 0.103226 0.055331 0.100725
0.0 0.237879 0.265385 0.056731 0.100233
0.0 0.247861 0.351701 0.060006 0.106031
0.0 0.264810 0.450257 0.061898 0.104139
0.0 0.273224 0.554319 0.061344 0.101064
0.0 0.289403 0.653014 0.066573 0.109445
0.0 0.298064 0.776083 0.079352 0.118441
