10.0 0.873057 0.296101 0.082378 0.176292
11.0 0.879243 0.374219 0.082059 0.201619
9.0 0.934150 0.749874 0.079902 0.134145
9.0 0.823664 0.055130 0.050566 0.110260
8.0 0.839996 0.204641 0.053638 0.146481
8.0 0.792516 0.627270 0.068110 0.141415
6.0 0.733372 0.045470 0.048975 0.090940
6.0 0.753368 0.220028 0.046640 0.107562
6.0 0.740321 0.129484 0.046036 0.104506
6.0 0.793674 0.514621 0.058624 0.100693
6.0 0.779134 0.402800 0.048659 0.110163
6.0 0.721628 0.755338 0.054784 0.108089
6.0 0.691658 0.629512 0.059011 0.114729
6.0 0.571706 0.288929 0.053201 0.109322
7.0 0.653381 0.108621 0.060066 0.141065
7.0 0.488443 0.382079 0.067703 0.155717
4.0 0.176892 0.246207 0.080988 0.191102
5.0 0.161360 0.340438 0.085507 0.210403
2.0 0.182297 0.164341 0.063495 0.152334
2.0 0.149474 0.483051 0.072820 0.146102
1.0 0.389060 0.173228 0.061464 0.159324
1.0 0.159936 0.606379 0.086969 0.154349
3.0 0.272020 0.756566 0.075767 0.144788
3.0 0.192925 0.028325 0.055990 0.056649
0.0 0.289662 0.029820 0.047625 0.059641
0.0 0.292862 0.096432 0.050207 0.101601
0.0 0.290536 0.193152 0.049190 0.103954
0.0 0.286216 0.285655 0.055910 0.110955
0.0 0.288095 0.396665 0.058466 0.108764
0.0 0.277745 0.507315 0.059391 0.110867
0.0 0.278793 0.619886 0.062027 0.112801
0.0 0.499471 0.750211 0.061524 0.118348
