9.0 0.607738 0.059498 0.057656 0.115904
9.0 0.882746 0.762653 0.080197 0.149131
11.0 0.816759 0.376900 0.096670 0.209452
10.0 0.617397 0.298751 0.073457 0.180422
6.0 0.688924 0.140891 0.048790 0.110372
6.0 0.702254 0.230705 0.046463 0.111576
6.0 0.726648 0.414715 0.054929 0.110033
6.0 0.737908 0.525531 0.053472 0.113011
6.0 0.530685 0.305241 0.052063 0.108168
6.0 0.533844 0.060174 0.048465 0.107798
7.0 0.610013 0.127802 0.050552 0.136502
7.0 0.454225 0.404417 0.067280 0.150222
2.0 0.255135 0.777928 0.071840 0.150573
2.0 0.150883 0.501995 0.072602 0.148216
3.0 0.201733 0.050611 0.066483 0.101222
5.0 0.166200 0.369947 0.082449 0.215427
4.0 0.366547 0.299706 0.081996 0.177884
1.0 0.371145 0.189619 0.055983 0.143159
1.0 0.159034 0.621768 0.079520 0.153181
0.0 0.447887 0.307778 0.047835 0.110743
0.0 0.284692 0.051069 0.052270 0.102138
0.0 0.289036 0.213314 0.054992 0.115550
0.0 0.262656 0.638140 0.070712 0.123652
0.0 0.461161 0.764901 0.068588 0.125618
