11 0.73984375 0.5984375 0.084375 0.196875
9 0.85546875 0.73984375 0.06875 0.13984375
3 0.65546875 0.721875 0.06640625 0.1390625
1 0.5296875 0.1296875 0.05 0.13828125
10 0.6171875 0.290625 0.06953125 0.17734375
6 0.696875 0.2265625 0.0453125 0.10234375
6 0.71796875 0.40546875 0.0546875 0.10546875
6 0.640625 0.50390625 0.0515625 0.10859375
6 0.53671875 0.2984375 0.0484375 0.10859375
7 0.459375 0.38984375 0.0625 0.13515625
0 0.45546875 0.2953125 0.04921875 0.10078125
4 0.38046875 0.28515625 0.0703125 0.171875
5 0.28515625 0.35546875 0.071875 0.19453125
3 0.23203125 0.05 0.06015625 0.09921875
0 0.30625 0.046875 0.04609375 0.09375
0 0.30703125 0.20390625 0.05078125 0.1046875
0 0.275 0.603125 0.05859375 0.1125
