7 0.44375 0.3953125 0.06328125 0.13515625
6 0.51953125 0.065625 0.04609375 0.10546875
9 0.840625 0.7359375 0.08359375 0.14140625
11 0.8046875 0.48671875 0.0875 0.20078125
10 0.59921875 0.2921875 0.0640625 0.18203125
6 0.69765625 0.40625 0.05 0.10625
6 0.6765625 0.23046875 0.04453125 0.10390625
6 0.51640625 0.30546875 0.04921875 0.10234375
6 0.6234375 0.50546875 0.05234375 0.10859375
3 0.640625 0.71796875 0.0734375 0.1421875
3 0.209375 0.05859375 0.059375 0.1171875
4 0.3625 0.29453125 0.059375 0.175
5 0.2703125 0.3734375 0.07265625 0.1953125
2 0.44140625 0.60078125 0.06171875 0.14375
1 0.50859375 0.1359375 0.053125 0.1328125
1 0.3578125 0.49609375 0.0640625 0.1421875
0 0.4359375 0.30078125 0.04921875 0.10390625
0 0.284375 0.0578125 0.04921875 0.103125
0 0.2875 0.2171875 0.046875 0.109375
0 0.2625 0.6125 0.0578125 0.1171875
