4.0 0.273438 0.221094 0.072656 0.164844
11.0 0.770312 0.298438 0.076563 0.190625
8.0 0.651563 0.078125 0.053125 0.138281
9.0 0.731250 0.085156 0.053906 0.116406
6.0 0.684375 0.343750 0.049219 0.100781
9.0 0.847656 0.783594 0.078906 0.135156
6.0 0.741406 0.786719 0.060938 0.109375
7.0 0.648438 0.662500 0.067188 0.132031
7.0 0.607813 0.342969 0.053125 0.133594
10.0 0.519531 0.419531 0.063281 0.175000
6.0 0.540625 0.668750 0.055469 0.110937
6.0 0.598437 0.546094 0.049219 0.110156
6.0 0.576563 0.175000 0.042969 0.099219
6.0 0.507812 0.090625 0.036719 0.102344
6.0 0.513281 0.262500 0.046094 0.102344
6.0 0.357812 0.451563 0.046094 0.107031
8.0 0.359375 0.538281 0.056250 0.138281
5.0 0.161719 0.406250 0.070312 0.194531
3.0 0.196875 0.087500 0.051562 0.119531
1.0 0.351562 0.329688 0.059375 0.128906
1.0 0.160156 0.546094 0.069531 0.132812
2.0 0.185937 0.150781 0.053125 0.139844
2.0 0.142188 0.662500 0.067187 0.138281
0.0 0.272656 0.164844 0.042969 0.092187
0.0 0.259375 0.335156 0.050781 0.100781
0.0 0.245312 0.667969 0.057031 0.114844
0.0 0.259375 0.437500 0.050781 0.105469
0.0 0.414062 0.086719 0.043750 0.100781
0.0 0.417188 0.245313 0.044531 0.105469
0.0 0.432031 0.557813 0.047656 0.107031
