11.0 0.800000 0.359375 0.125000 0.240625
9.0 0.707031 0.197656 0.095312 0.164062
7.0 0.606250 0.818750 0.112500 0.181250
6.0 0.693750 0.601562 0.078125 0.125000
6.0 0.537500 0.367969 0.075000 0.132812
8.0 0.525781 0.572656 0.089062 0.170313
8.0 0.392188 0.124219 0.090625 0.179688
5.0 0.178906 0.353125 0.129688 0.253125
0.0 0.325781 0.539062 0.082813 0.134375
4.0 0.488281 0.140625 0.104688 0.206250
1.0 0.234375 0.093750 0.109375 0.181250
2.0 0.564063 0.074219 0.081250 0.148438
2.0 0.119531 0.606250 0.110937 0.178125
