11.0 0.818399 0.299616 0.086336 0.229705
8.0 0.542469 0.223615 0.067413 0.173598
9.0 0.545811 0.355400 0.071973 0.138636
9.0 0.612363 0.067751 0.069040 0.135502
6.0 0.728318 0.346321 0.051077 0.128861
6.0 0.641365 0.566747 0.057455 0.128609
6.0 0.575735 0.698893 0.065615 0.134615
6.0 0.447720 0.174464 0.054019 0.124790
7.0 0.372441 0.455750 0.062238 0.165654
7.0 0.259066 0.681681 0.078992 0.171701
1.0 0.248200 0.850038 0.082123 0.177916
5.0 0.175794 0.317135 0.088054 0.230691
2.0 0.468252 0.452939 0.073817 0.175618
4.0 0.367272 0.142097 0.071157 0.200460
3.0 0.209544 0.075057 0.075233 0.147472
0.0 0.290396 0.158615 0.060172 0.121246
0.0 0.275102 0.351303 0.058301 0.123304
0.0 0.275074 0.463828 0.066592 0.128300
0.0 0.378781 0.593773 0.067811 0.137716
