3.0 0.261999 0.057040 0.080958 0.104924
1.0 0.177666 0.777881 0.116092 0.172327
5.0 0.166691 0.374041 0.122973 0.222943
4.0 0.411148 0.117550 0.096050 0.192925
1.0 0.384104 0.302350 0.091426 0.142422
2.0 0.240089 0.111932 0.088038 0.157332
2.0 0.371694 0.408064 0.093243 0.152702
0.0 0.471044 0.228360 0.074234 0.122894
0.0 0.494743 0.058968 0.077125 0.117935
0.0 0.328809 0.133593 0.072943 0.119849
0.0 0.281600 0.311847 0.072752 0.119283
0.0 0.266054 0.411017 0.085268 0.124821
0.0 0.213928 0.652029 0.082945 0.131388
8.0 0.759735 0.080142 0.090883 0.160283
7.0 0.635370 0.682917 0.102467 0.180821
7.0 0.648580 0.339776 0.094336 0.169072
8.0 0.356022 0.527660 0.095902 0.158429
10.0 0.548111 0.423776 0.106485 0.202857
11.0 0.850453 0.316309 0.131227 0.229355
9.0 0.846073 0.571684 0.107373 0.166334
9.0 0.848717 0.086055 0.088015 0.147246
6.0 0.658458 0.162391 0.070045 0.123217
6.0 0.571604 0.254015 0.072813 0.116684
6.0 0.746281 0.356568 0.077664 0.124413
6.0 0.625804 0.550770 0.084166 0.130205
6.0 0.528063 0.683751 0.081008 0.124820
6.0 0.731808 0.826032 0.093426 0.140430
