1 0.23515625 0.78984375 0.078125 0.14765625
1 0.35078125 0.32265625 0.0609375 0.13828125
3 0.19609375 0.090625 0.0625 0.12421875
5 0.15859375 0.409375 0.08515625 0.2078125
2 0.18671875 0.14921875 0.0625 0.14609375
2 0.35390625 0.4234375 0.065625 0.14140625
4 0.34296875 0.14921875 0.0671875 0.17265625
0 0.41171875 0.0859375 0.0546875 0.10390625
0 0.41328125 0.246875 0.05390625 0.1125
0 0.27109375 0.1671875 0.05 0.11875
0 0.2578125 0.34140625 0.0515625 0.1125
0 0.259375 0.43515625 0.0609375 0.11015625
0 0.24921875 0.6671875 0.059375 0.1125
8 0.5953125 0.15859375 0.05390625 0.1484375
8 0.3609375 0.53671875 0.06484375 0.15
7 0.63671875 0.65625 0.06953125 0.1546875
7 0.596875 0.334375 0.0609375 0.15078125
10 0.521875 0.42734375 0.06796875 0.18671875
11 0.76875 0.29609375 0.07890625 0.20078125
9 0.7890625 0.43359375 0.06796875 0.1359375
9 0.5734375 0.08359375 0.05703125 0.12734375
6 0.4890625 0.171875 0.0453125 0.10234375
6 0.5140625 0.26328125 0.05 0.1046875
6 0.74296875 0.784375 0.0640625 0.11640625
6 0.68359375 0.34296875 0.05 0.10625
6 0.6078125 0.53828125 0.053125 0.11171875
6 0.54375 0.6671875 0.05859375 0.11875
