11.0 0.763441 0.217802 0.184703 0.253882
8.0 0.554183 0.114471 0.115058 0.166992
9.0 0.512702 0.059614 0.117659 0.119227
9.0 0.507182 0.433574 0.145065 0.190462
6.0 0.671009 0.286649 0.113971 0.143274
6.0 0.804032 0.751665 0.126525 0.159159
6.0 0.564486 0.676831 0.125141 0.158304
6.0 0.615631 0.517543 0.116988 0.155576
6.0 0.362373 0.189153 0.098275 0.126934
6.0 0.442230 0.163615 0.104568 0.130121
7.0 0.577089 0.302716 0.138457 0.183818
7.0 0.467429 0.820394 0.150452 0.205768
4.0 0.285363 0.171354 0.144808 0.208875
1.0 0.245680 0.879987 0.162399 0.206174
3.0 0.125550 0.153958 0.117266 0.150036
2.0 0.329251 0.466003 0.137690 0.184822
2.0 0.124477 0.218853 0.130519 0.184199
5.0 0.122144 0.494420 0.181364 0.243569
0.0 0.346532 0.090691 0.105971 0.132880
0.0 0.212400 0.211873 0.104810 0.135589
0.0 0.215869 0.392654 0.098428 0.132932
0.0 0.228635 0.499601 0.111705 0.142594
0.0 0.345376 0.605380 0.123392 0.154284
