11.0 0.802344 0.250781 0.114062 0.217188
8.0 0.650781 0.140625 0.079688 0.153125
9.0 0.642188 0.071875 0.078125 0.128125
9.0 0.557813 0.240625 0.084375 0.134375
7.0 0.480469 0.258594 0.079687 0.142188
6.0 0.472656 0.194531 0.070312 0.114063
6.0 0.711719 0.307812 0.067188 0.115625
6.0 0.598437 0.521094 0.071875 0.126562
6.0 0.693750 0.739844 0.081250 0.129687
6.0 0.512500 0.657812 0.081250 0.134375
7.0 0.395313 0.789062 0.100000 0.178125
5.0 0.175000 0.467187 0.118750 0.221875
3.0 0.265625 0.135937 0.087500 0.143750
1.0 0.187500 0.834375 0.109375 0.178125
4.0 0.400000 0.175000 0.096875 0.193750
2.0 0.242188 0.204687 0.081250 0.153125
2.0 0.367188 0.451562 0.084375 0.156250
0.0 0.560938 0.157812 0.071875 0.118750
0.0 0.328906 0.205469 0.076562 0.123438
0.0 0.284375 0.378125 0.071875 0.118750
0.0 0.264844 0.478125 0.079687 0.121875
0.0 0.345313 0.584375 0.081250 0.131250
