6.0 0.594531 0.339063 0.082813 0.128125
0.0 0.339844 0.514062 0.095313 0.137500
2.0 0.096875 0.578906 0.115625 0.179687
5.0 0.199219 0.307031 0.132812 0.245312
1.0 0.276562 0.064062 0.100000 0.128125
8.0 0.366406 0.029687 0.095313 0.059375
2.0 0.635938 0.054688 0.084375 0.109375
4.0 0.548438 0.096875 0.106250 0.190625
11.0 0.885938 0.346875 0.134375 0.250000
9.0 0.785937 0.163281 0.103125 0.157812
8.0 0.566406 0.553125 0.095312 0.181250
6.0 0.755469 0.596875 0.095313 0.143750
7.0 0.642969 0.849219 0.114062 0.198438
