2.0 0.440625 0.430469 0.062500 0.145313
3.0 0.435937 0.336719 0.065625 0.135937
4.0 0.346875 0.146094 0.068750 0.179688
1.0 0.454688 0.646875 0.075000 0.146875
0.0 0.356250 0.560937 0.056250 0.128125
0.0 0.276563 0.168750 0.050000 0.106250
0.0 0.257812 0.335156 0.062500 0.114063
5.0 0.163281 0.303906 0.079687 0.210938
9.0 0.271875 0.069531 0.056250 0.129687
7.0 0.235937 0.639844 0.081250 0.164062
11.0 0.769531 0.300000 0.085938 0.200000
6.0 0.589063 0.345313 0.053125 0.112500
6.0 0.428125 0.536719 0.056250 0.117188
6.0 0.541406 0.665625 0.057813 0.115625
