1.0 0.235156 0.789844 0.078125 0.147656
1.0 0.350781 0.322656 0.060938 0.138281
3.0 0.196094 0.090625 0.062500 0.124219
5.0 0.158594 0.409375 0.085156 0.207813
2.0 0.186719 0.149219 0.062500 0.146094
2.0 0.353906 0.423438 0.065625 0.141406
4.0 0.342969 0.149219 0.067187 0.172656
0.0 0.411719 0.085937 0.054688 0.103906
0.0 0.413281 0.246875 0.053906 0.112500
0.0 0.271094 0.167187 0.050000 0.118750
0.0 0.257812 0.341406 0.051562 0.112500
0.0 0.259375 0.435156 0.060938 0.110156
0.0 0.249219 0.667188 0.059375 0.112500
8.0 0.595312 0.158594 0.053906 0.148438
8.0 0.360938 0.536719 0.064844 0.150000
7.0 0.636719 0.656250 0.069531 0.154688
7.0 0.596875 0.334375 0.060938 0.150781
10.0 0.521875 0.427344 0.067969 0.186719
11.0 0.768750 0.296094 0.078906 0.200781
9.0 0.789062 0.433594 0.067969 0.135937
9.0 0.573438 0.083594 0.057031 0.127344
6.0 0.489062 0.171875 0.045313 0.102344
6.0 0.514063 0.263281 0.050000 0.104688
6.0 0.742969 0.784375 0.064062 0.116406
6.0 0.683594 0.342969 0.050000 0.106250
6.0 0.607813 0.538281 0.053125 0.111719
6.0 0.543750 0.667188 0.058594 0.118750
