4.0 0.251563 0.147656 0.121875 0.220312
5.0 0.114063 0.334375 0.140625 0.253125
1.0 0.508594 0.671875 0.117187 0.206250
9.0 0.153125 0.077344 0.100000 0.154688
3.0 0.338281 0.156250 0.098438 0.168750
2.0 0.433594 0.443750 0.107812 0.190625
0.0 0.186719 0.178906 0.082812 0.139063
0.0 0.221094 0.360156 0.092188 0.145313
0.0 0.310937 0.342187 0.090625 0.150000
0.0 0.384375 0.589063 0.096875 0.156250
7.0 0.292188 0.691406 0.121875 0.207812
8.0 0.444531 0.226562 0.101562 0.181250
11.0 0.735938 0.271875 0.153125 0.259375
6.0 0.657812 0.327344 0.087500 0.139062
6.0 0.637500 0.537500 0.090625 0.156250
6.0 0.607031 0.682813 0.098437 0.156250
