0.0 0.240880 0.619057 0.061922 0.124112
6.0 0.533363 0.673995 0.057191 0.122460
7.0 0.425578 0.766178 0.075957 0.167110
6.0 0.725594 0.827216 0.067479 0.126693
1.0 0.219237 0.735032 0.080777 0.170332
9.0 0.594929 0.096463 0.058552 0.132812
0.0 0.437956 0.070536 0.052282 0.117667
3.0 0.220694 0.053266 0.067367 0.106531
4.0 0.365742 0.119902 0.073211 0.186804
2.0 0.206340 0.095093 0.073503 0.151117
8.0 0.617639 0.181440 0.059153 0.157010
0.0 0.292905 0.125236 0.054200 0.124238
6.0 0.508540 0.173003 0.048756 0.110023
6.0 0.528286 0.268410 0.048242 0.114590
11.0 0.780160 0.344060 0.091777 0.214323
1.0 0.362553 0.298892 0.067812 0.146179
7.0 0.604532 0.354673 0.065915 0.153598
0.0 0.269746 0.295040 0.058575 0.119608
6.0 0.694753 0.376083 0.053933 0.119527
5.0 0.167489 0.345900 0.089433 0.213890
2.0 0.360836 0.397382 0.059087 0.142235
9.0 0.793063 0.489957 0.077699 0.143346
0.0 0.264084 0.393584 0.066252 0.118697
6.0 0.605466 0.557953 0.059668 0.125249
8.0 0.355797 0.512511 0.063616 0.153950
