6.0 0.507031 0.348438 0.057812 0.109375
0.0 0.339062 0.560156 0.068750 0.114062
2.0 0.154688 0.675000 0.081250 0.146875
5.0 0.167187 0.421875 0.090625 0.212500
1.0 0.161719 0.175000 0.070312 0.150000
8.0 0.221875 0.092187 0.068750 0.146875
2.0 0.466406 0.070312 0.057812 0.140625
4.0 0.407031 0.150781 0.076562 0.170312
11.0 0.750000 0.280469 0.087500 0.214063
9.0 0.624219 0.148438 0.073437 0.137500
8.0 0.535156 0.534375 0.064062 0.150000
6.0 0.700000 0.522656 0.065625 0.117188
7.0 0.664844 0.753125 0.076562 0.156250
