11.0 0.771875 0.298438 0.071094 0.192187
10.0 0.704687 0.421094 0.068750 0.178906
9.0 0.846094 0.782812 0.078125 0.134375
9.0 0.732813 0.084375 0.057031 0.118750
8.0 0.357812 0.540625 0.064062 0.142969
8.0 0.650781 0.078906 0.052344 0.141406
7.0 0.605469 0.342969 0.057031 0.142187
7.0 0.646094 0.660937 0.066406 0.134375
6.0 0.597656 0.546094 0.058594 0.114844
6.0 0.739062 0.785156 0.061719 0.112500
6.0 0.682813 0.346094 0.043750 0.107031
6.0 0.576563 0.178125 0.042187 0.106250
6.0 0.507031 0.091406 0.047656 0.103906
6.0 0.514844 0.264062 0.046094 0.110156
6.0 0.354688 0.452344 0.046094 0.105469
6.0 0.542969 0.665625 0.050000 0.114844
3.0 0.196875 0.089844 0.050781 0.117188
3.0 0.345313 0.778906 0.064844 0.142969
4.0 0.274219 0.221875 0.067187 0.167969
5.0 0.161719 0.406250 0.072656 0.191406
2.0 0.185937 0.152344 0.055469 0.138281
2.0 0.142969 0.664062 0.067969 0.138281
1.0 0.162500 0.546875 0.074219 0.133594
1.0 0.351562 0.329688 0.057031 0.130469
0.0 0.417969 0.245312 0.048437 0.108594
0.0 0.411719 0.085938 0.046875 0.104688
0.0 0.273437 0.166406 0.048437 0.098437
0.0 0.261719 0.340625 0.048437 0.107031
0.0 0.246875 0.668750 0.057031 0.114063
0.0 0.259375 0.435937 0.053906 0.112500
0.0 0.431250 0.558594 0.047656 0.111719
0.0 0.445312 0.792188 0.058594 0.117188
