2 0.18203125 0.14921875 0.0734375 0.14140625
4 0.3453125 0.14375 0.0671875 0.1796875
2 0.35234375 0.428125 0.07265625 0.1390625
1 0.234375 0.7859375 0.0828125 0.15546875
1 0.35 0.32578125 0.0640625 0.14296875
3 0.1953125 0.0875 0.059375 0.1296875
5 0.16171875 0.4109375 0.0859375 0.2140625
0 0.4171875 0.24921875 0.04765625 0.11484375
0 0.4125 0.084375 0.04609375 0.11328125
0 0.275 0.16640625 0.05078125 0.10390625
0 0.2609375 0.33671875 0.05234375 0.11171875
0 0.259375 0.4359375 0.05625 0.1109375
0 0.24765625 0.6671875 0.06171875 0.1140625
8 0.359375 0.53828125 0.065625 0.146875
8 0.59765625 0.15625 0.05234375 0.15234375
7 0.44140625 0.7828125 0.07109375 0.15078125
7 0.59375 0.33515625 0.0625 0.1453125
11 0.7703125 0.296875 0.0828125 0.19765625
9 0.7890625 0.43828125 0.06484375 0.12578125
9 0.571875 0.0828125 0.04921875 0.128125
10 0.43828125 0.3109375 0.06015625 0.1828125
6 0.4921875 0.17578125 0.0484375 0.1078125
6 0.5140625 0.2640625 0.04609375 0.10546875
6 0.7421875 0.7859375 0.059375 0.11640625
6 0.68359375 0.33359375 0.053125 0.11875
6 0.60625 0.5390625 0.05390625 0.1140625
6 0.5421875 0.66328125 0.05703125 0.1203125
