10.0 0.824495 0.371984 0.110770 0.175485
11.0 0.812121 0.443787 0.121022 0.202200
8.0 0.823995 0.287285 0.082136 0.137768
8.0 0.796101 0.571863 0.088956 0.139479
7.0 0.827849 0.207706 0.082696 0.128678
7.0 0.789185 0.689336 0.100507 0.137406
9.0 0.840221 0.139124 0.072642 0.111244
9.0 0.773740 0.808696 0.097286 0.135888
6.0 0.674470 0.787015 0.074157 0.111624
6.0 0.689536 0.665949 0.073775 0.107267
6.0 0.702885 0.561366 0.071879 0.105372
6.0 0.716423 0.456026 0.066384 0.103283
6.0 0.727112 0.358831 0.065627 0.103093
6.0 0.735325 0.277929 0.066952 0.102716
6.0 0.747517 0.197220 0.062593 0.099492
6.0 0.762933 0.113292 0.060892 0.104036
4.0 0.253152 0.209326 0.101869 0.176803
5.0 0.216896 0.289637 0.112121 0.203517
2.0 0.273484 0.137908 0.079863 0.137198
2.0 0.172083 0.407268 0.091047 0.147815
1.0 0.298553 0.066873 0.084214 0.131899
1.0 0.137494 0.535519 0.096536 0.144221
3.0 0.326085 0.026583 0.073592 0.053167
3.0 0.090976 0.653528 0.102033 0.149151
0.0 0.395985 0.033717 0.064864 0.067434
0.0 0.376405 0.096874 0.066002 0.098927
0.0 0.354927 0.179281 0.065249 0.104419
0.0 0.329283 0.259032 0.072259 0.106887
0.0 0.302297 0.356972 0.076808 0.110869
0.0 0.269060 0.454149 0.076238 0.108596
0.0 0.243590 0.552469 0.075866 0.115603
0.0 0.205032 0.667642 0.077196 0.120907
