11.0 0.745664 0.582850 0.096830 0.201882
9.0 0.870121 0.716549 0.077579 0.143966
3.0 0.669381 0.711446 0.075190 0.143036
1.0 0.505873 0.128546 0.058767 0.141204
10.0 0.603516 0.283539 0.080764 0.181439
6.0 0.678930 0.214497 0.051784 0.105040
6.0 0.711456 0.391682 0.061340 0.108759
6.0 0.640586 0.494878 0.058422 0.111678
6.0 0.523714 0.296497 0.055303 0.111477
7.0 0.452393 0.392676 0.071041 0.138887
0.0 0.442431 0.298590 0.055582 0.103731
4.0 0.366934 0.293266 0.081192 0.176031
5.0 0.276328 0.369547 0.084205 0.198741
3.0 0.203718 0.068115 0.066397 0.102873
0.0 0.277584 0.060236 0.052012 0.096514
0.0 0.288436 0.216894 0.057392 0.107729
0.0 0.282078 0.617345 0.065689 0.116027
