7.0 0.610156 0.138281 0.060937 0.129688
7.0 0.446875 0.387500 0.062500 0.143750
8.0 0.702344 0.626563 0.070312 0.137500
8.0 0.773438 0.234375 0.062500 0.137500
11.0 0.796875 0.385937 0.084375 0.203125
9.0 0.823438 0.750781 0.081250 0.148438
9.0 0.611719 0.067969 0.054688 0.117188
10.0 0.610156 0.298438 0.067188 0.168750
6.0 0.682813 0.153125 0.050000 0.096875
6.0 0.689844 0.240625 0.051562 0.103125
6.0 0.706250 0.517969 0.059375 0.101562
6.0 0.703906 0.412500 0.051563 0.103125
6.0 0.609375 0.623438 0.059375 0.115625
6.0 0.629687 0.748438 0.056250 0.115625
6.0 0.541406 0.066406 0.048438 0.098438
6.0 0.525781 0.303906 0.048438 0.101562
2.0 0.386719 0.050781 0.057813 0.101562
5.0 0.179688 0.346094 0.084375 0.201563
2.0 0.157813 0.466406 0.068750 0.135938
4.0 0.200000 0.260937 0.081250 0.178125
3.0 0.240625 0.728125 0.075000 0.143750
3.0 0.232812 0.046875 0.062500 0.093750
1.0 0.159375 0.576563 0.078125 0.146875
1.0 0.379687 0.189844 0.059375 0.132812
0.0 0.446875 0.299219 0.053125 0.104687
0.0 0.447656 0.136719 0.054688 0.107812
0.0 0.309375 0.049219 0.050000 0.098437
0.0 0.297656 0.208594 0.051563 0.104687
0.0 0.278906 0.394531 0.054688 0.101562
0.0 0.264062 0.500000 0.056250 0.100000
0.0 0.256250 0.599219 0.056250 0.107812
0.0 0.432813 0.727344 0.059375 0.107812
