4 0.34609375 0.1484375 0.0734375 0.18046875
2 0.184375 0.14921875 0.06328125 0.13828125
3 0.19765625 0.08984375 0.0640625 0.1265625
5 0.165625 0.3046875 0.07734375 0.20546875
1 0.2359375 0.79140625 0.0859375 0.16640625
0 0.275 0.165625 0.06015625 0.11875
0 0.26015625 0.3375 0.05625 0.1125
0 0.26015625 0.43828125 0.059375 0.11796875
0 0.3578125 0.5625 0.06171875 0.1140625
11 0.76953125 0.296875 0.08515625 0.19921875
8 0.5984375 0.1609375 0.06015625 0.14140625
7 0.24375 0.63828125 0.0765625 0.1640625
7 0.35 0.4359375 0.0671875 0.16484375
9 0.57109375 0.0796875 0.05703125 0.12734375
9 0.51171875 0.34296875 0.0640625 0.13515625
6 0.415625 0.18515625 0.05078125 0.11484375
6 0.684375 0.34140625 0.0484375 0.115625
6 0.54609375 0.66484375 0.059375 0.125
6 0.6046875 0.5390625 0.05703125 0.12578125
