1.0 0.449219 0.646875 0.070312 0.162500
8.0 0.437500 0.428125 0.062500 0.150000
4.0 0.346875 0.144531 0.065625 0.185937
5.0 0.160938 0.304688 0.078125 0.203125
3.0 0.196875 0.089063 0.062500 0.131250
0.0 0.271094 0.165625 0.060938 0.112500
0.0 0.257812 0.339844 0.062500 0.114062
0.0 0.346875 0.326562 0.050000 0.112500
0.0 0.355469 0.564062 0.060937 0.118750
7.0 0.242969 0.638281 0.070312 0.170312
9.0 0.571875 0.080469 0.056250 0.129688
8.0 0.507812 0.235938 0.059375 0.146875
6.0 0.416406 0.178125 0.051563 0.115625
6.0 0.684375 0.341406 0.050000 0.123438
6.0 0.541406 0.665625 0.051562 0.128125
6.0 0.607031 0.539062 0.057813 0.115625
11.0 0.769531 0.300781 0.085938 0.201562
