1.0 0.190625 0.742188 0.100000 0.159375
1.0 0.380469 0.300000 0.082813 0.146875
3.0 0.265625 0.056250 0.081250 0.112500
5.0 0.177344 0.354687 0.117188 0.218750
2.0 0.246875 0.102344 0.084375 0.154688
2.0 0.367188 0.400000 0.087500 0.150000
4.0 0.401562 0.128125 0.093750 0.181250
0.0 0.478906 0.075781 0.070312 0.110938
0.0 0.454688 0.235156 0.071875 0.120312
0.0 0.328125 0.133594 0.068750 0.126562
0.0 0.271875 0.396094 0.078125 0.117188
0.0 0.224219 0.623437 0.076563 0.121875
8.0 0.648438 0.177344 0.078125 0.154688
8.0 0.356250 0.512500 0.087500 0.159375
7.0 0.609375 0.675781 0.093750 0.164062
7.0 0.621875 0.351562 0.084375 0.159375
10.0 0.532813 0.430469 0.096875 0.195312
11.0 0.797656 0.341406 0.110938 0.210938
9.0 0.794531 0.480469 0.089063 0.145312
9.0 0.639844 0.100000 0.076562 0.134375
6.0 0.541406 0.173437 0.060937 0.109375
6.0 0.551562 0.267969 0.065625 0.110937
6.0 0.692969 0.818750 0.082812 0.125000
6.0 0.705469 0.374219 0.067187 0.114063
6.0 0.599219 0.554688 0.070312 0.118750
6.0 0.514844 0.671094 0.076562 0.126563
