11.0 0.770312 0.297656 0.081250 0.207812
8.0 0.507812 0.225000 0.062500 0.156250
9.0 0.511719 0.345313 0.067187 0.125000
9.0 0.572656 0.078906 0.064063 0.132812
6.0 0.684375 0.334375 0.046875 0.106250
6.0 0.603125 0.539844 0.053125 0.117187
6.0 0.541406 0.660156 0.060937 0.123438
6.0 0.417188 0.179688 0.050000 0.112500
7.0 0.349219 0.432812 0.057812 0.150000
7.0 0.242969 0.635938 0.073437 0.156250
1.0 0.232813 0.789844 0.075000 0.160938
5.0 0.166406 0.304688 0.079687 0.206250
2.0 0.438281 0.432031 0.070312 0.157813
4.0 0.342969 0.150000 0.067188 0.178125
3.0 0.197656 0.089063 0.067188 0.131250
0.0 0.271875 0.164844 0.056250 0.107813
0.0 0.257812 0.336719 0.053125 0.110938
0.0 0.257812 0.438281 0.062500 0.114063
0.0 0.354687 0.558594 0.062500 0.123438
