10.0 0.663314 0.309607 0.133282 0.198839
11.0 0.830070 0.408651 0.154253 0.229634
9.0 0.773588 0.783969 0.126349 0.173461
9.0 0.724175 0.061395 0.092732 0.122790
7.0 0.707473 0.135133 0.109734 0.154844
7.0 0.481752 0.392086 0.118542 0.165988
6.0 0.779955 0.157414 0.081426 0.119291
6.0 0.764549 0.247520 0.082718 0.123621
6.0 0.734811 0.431823 0.090312 0.136238
6.0 0.630897 0.530376 0.094765 0.128912
6.0 0.582738 0.304418 0.089470 0.124389
6.0 0.657593 0.058494 0.087171 0.116989
4.0 0.429626 0.278852 0.136258 0.200287
2.0 0.298493 0.357749 0.122347 0.177405
3.0 0.464391 0.166890 0.111162 0.162930
3.0 0.137626 0.583783 0.135776 0.181412
5.0 0.210367 0.332442 0.158613 0.241032
3.0 0.335266 0.038007 0.094820 0.056969
3.0 0.184445 0.740851 0.130191 0.166593
0.0 0.416264 0.039621 0.078623 0.067165
0.0 0.234377 0.608852 0.100710 0.136254
0.0 0.378114 0.187582 0.099453 0.136015
0.0 0.501979 0.294699 0.090724 0.126560
0.0 0.382959 0.756853 0.100681 0.140592
