2.0 0.153056 0.177848 0.085320 0.147195
4.0 0.315263 0.158365 0.082384 0.184798
2.0 0.346712 0.441083 0.084341 0.144793
1.0 0.259936 0.807711 0.095869 0.162012
1.0 0.335580 0.339319 0.076114 0.147946
3.0 0.160983 0.115216 0.070303 0.134311
5.0 0.155315 0.440344 0.104019 0.220657
0.0 0.395938 0.257265 0.057351 0.118515
0.0 0.377098 0.093434 0.055660 0.116824
0.0 0.247158 0.186981 0.059525 0.107887
0.0 0.247787 0.357872 0.061753 0.115805
0.0 0.254759 0.456858 0.065578 0.115362
0.0 0.262961 0.688259 0.071295 0.118945
8.0 0.363186 0.550227 0.078007 0.151972
8.0 0.567747 0.149128 0.065245 0.156279
7.0 0.465933 0.786802 0.083791 0.156334
7.0 0.579234 0.327708 0.074759 0.150147
11.0 0.751852 0.274392 0.099496 0.204043
9.0 0.782688 0.413663 0.075415 0.130889
9.0 0.535749 0.078178 0.060050 0.131881
10.0 0.422259 0.316942 0.075647 0.187307
6.0 0.464348 0.177653 0.057525 0.111577
6.0 0.493730 0.263727 0.054989 0.109040
6.0 0.765869 0.764062 0.069161 0.121079
6.0 0.668611 0.318429 0.063136 0.122877
6.0 0.609214 0.529785 0.063511 0.118274
6.0 0.556066 0.659051 0.067162 0.124769
