3 0.196875 0.08515625 0.05546875 0.121875
1 0.23671875 0.79140625 0.08203125 0.153125
5 0.16171875 0.409375 0.08046875 0.203125
4 0.3453125 0.146875 0.05859375 0.175
1 0.35 0.3234375 0.0625 0.1265625
2 0.1875 0.15390625 0.0578125 0.1421875
2 0.35546875 0.42421875 0.0625 0.13671875
0 0.4171875 0.246875 0.04921875 0.109375
0 0.41171875 0.084375 0.05234375 0.10625
0 0.27265625 0.16796875 0.04921875 0.10703125
0 0.2578125 0.340625 0.04921875 0.10703125
0 0.259375 0.4359375 0.06015625 0.1109375
0 0.25 0.66875 0.05703125 0.11796875
8 0.6515625 0.084375 0.05625 0.14765625
7 0.63515625 0.6578125 0.06484375 0.1609375
7 0.59375 0.3375 0.059375 0.15078125
8 0.36015625 0.53828125 0.0640625 0.1421875
10 0.5171875 0.42421875 0.065625 0.1828125
11 0.76796875 0.3 0.08203125 0.20234375
9 0.803125 0.5359375 0.0703125 0.1453125
9 0.73125 0.08671875 0.05625 0.12890625
6 0.575 0.17109375 0.04453125 0.109375
6 0.51171875 0.26328125 0.0484375 0.103125
6 0.6828125 0.3453125 0.05078125 0.109375
6 0.60625 0.5359375 0.05625 0.11484375
6 0.53984375 0.66875 0.0546875 0.11015625
6 0.7421875 0.78125 0.0625 0.121875
