9.0 0.915625 0.856250 0.128125 0.159375
11.0 0.814844 0.676562 0.170312 0.243750
10.0 0.746094 0.328125 0.135938 0.196875
6.0 0.864844 0.282031 0.089063 0.123438
6.0 0.722656 0.556250 0.095312 0.131250
6.0 0.645312 0.316406 0.093750 0.126563
7.0 0.528906 0.392188 0.132812 0.165625
4.0 0.460156 0.264844 0.135937 0.207813
5.0 0.331250 0.313281 0.146875 0.229687
0.0 0.546094 0.293750 0.101563 0.128125
0.0 0.504687 0.111719 0.093750 0.123437
0.0 0.428125 0.031250 0.087500 0.062500
0.0 0.256250 0.561719 0.112500 0.145313
3.0 0.275000 0.133594 0.115625 0.148438
3.0 0.684375 0.785937 0.134375 0.178125
