11.0 0.768750 0.300781 0.084375 0.201562
3.0 0.432812 0.337500 0.062500 0.137500
1.0 0.351562 0.425000 0.065625 0.146875
2.0 0.440625 0.431250 0.059375 0.156250
4.0 0.346875 0.145313 0.068750 0.178125
5.0 0.166406 0.302344 0.079687 0.214062
0.0 0.272656 0.167187 0.057813 0.106250
0.0 0.258594 0.338281 0.054688 0.114063
0.0 0.353906 0.560156 0.057812 0.120313
9.0 0.270313 0.070312 0.062500 0.131250
6.0 0.590625 0.345313 0.053125 0.118750
6.0 0.428125 0.540625 0.059375 0.109375
6.0 0.542188 0.664062 0.059375 0.118750
