8.0 0.708594 0.609375 0.051562 0.134375
0.0 0.446875 0.732031 0.050000 0.104688
10.0 0.781250 0.293750 0.068750 0.156250
11.0 0.792969 0.371875 0.070312 0.190625
8.0 0.750000 0.210938 0.046875 0.134375
9.0 0.839063 0.763281 0.071875 0.070312
9.0 0.738281 0.064844 0.048437 0.114062
7.0 0.439844 0.393750 0.048437 0.137500
7.0 0.588281 0.130469 0.045312 0.126563
6.0 0.658594 0.061719 0.042188 0.092188
6.0 0.664062 0.142187 0.037500 0.093750
6.0 0.674219 0.225000 0.045312 0.100000
6.0 0.696875 0.389844 0.046875 0.079688
6.0 0.642969 0.739844 0.051562 0.110938
6.0 0.614062 0.614844 0.053125 0.107812
6.0 0.515625 0.300000 0.040625 0.100000
4.0 0.185156 0.276563 0.064062 0.168750
5.0 0.173438 0.362500 0.071875 0.187500
2.0 0.190625 0.201562 0.050000 0.134375
2.0 0.158594 0.486719 0.057812 0.135937
3.0 0.252344 0.742188 0.067188 0.131250
3.0 0.207031 0.053125 0.048438 0.106250
1.0 0.363281 0.197656 0.048438 0.129688
1.0 0.165625 0.598437 0.065625 0.143750
0.0 0.435937 0.300781 0.043750 0.101562
0.0 0.427344 0.139844 0.045313 0.098437
0.0 0.285156 0.057031 0.039062 0.098437
0.0 0.280469 0.222656 0.045312 0.101562
0.0 0.274219 0.407813 0.045312 0.103125
0.0 0.265625 0.510938 0.046875 0.100000
0.0 0.262500 0.614062 0.050000 0.103125
