11.0 0.946875 0.271094 0.106250 0.254688
9.0 0.803125 0.125000 0.096875 0.171875
7.0 0.794531 0.817187 0.117188 0.193750
6.0 0.864844 0.558594 0.082812 0.132812
6.0 0.617188 0.350781 0.075000 0.139062
8.0 0.640625 0.572656 0.087500 0.182812
8.0 0.385156 0.132812 0.085938 0.187500
5.0 0.153125 0.431250 0.121875 0.265625
0.0 0.375000 0.589844 0.084375 0.142187
4.0 0.510938 0.125000 0.100000 0.215625
1.0 0.178125 0.145313 0.109375 0.187500
2.0 0.592969 0.056250 0.079688 0.112500
2.0 0.122656 0.715625 0.110938 0.187500
