11.0 0.784949 0.325621 0.101608 0.208900
3.0 0.447939 0.332352 0.075748 0.142538
1.0 0.359338 0.413253 0.078185 0.152792
2.0 0.447523 0.427205 0.071858 0.159965
4.0 0.378996 0.133435 0.083163 0.183349
5.0 0.185519 0.274999 0.098022 0.220946
0.0 0.303870 0.149636 0.066743 0.110086
0.0 0.274241 0.318798 0.065221 0.119222
0.0 0.349950 0.548104 0.067252 0.124806
9.0 0.309938 0.060700 0.073717 0.121400
6.0 0.604411 0.354602 0.063225 0.122910
6.0 0.425583 0.535084 0.067928 0.114823
6.0 0.528441 0.668728 0.070230 0.123520
