0.0 0.274219 0.168750 0.040625 0.091406
6.0 0.682813 0.343750 0.042969 0.098437
11.0 0.771094 0.296875 0.071094 0.204687
6.0 0.511719 0.259375 0.042187 0.090625
0.0 0.269531 0.100000 0.053125 0.103125
6.0 0.575000 0.175781 0.048437 0.097656
8.0 0.735937 0.160938 0.054688 0.127344
4.0 0.275781 0.210938 0.070312 0.128125
0.0 0.271875 0.330469 0.057031 0.123438
6.0 0.656250 0.096094 0.042187 0.089844
0.0 0.414062 0.248437 0.045313 0.106250
5.0 0.160156 0.409375 0.070312 0.179688
2.0 0.187500 0.166406 0.065625 0.149219
7.0 0.514063 0.342187 0.061719 0.126563
3.0 0.192969 0.103125 0.065625 0.146875
0.0 0.435156 0.557031 0.059375 0.110156
7.0 0.600781 0.331250 0.058594 0.139844
10.0 0.709375 0.425781 0.071875 0.154688
6.0 0.549219 0.657031 0.057031 0.105469
0.0 0.249219 0.665625 0.051563 0.103906
9.0 0.719531 0.085156 0.052344 0.098438
6.0 0.599219 0.543750 0.053125 0.115625
9.0 0.849219 0.778906 0.071875 0.142969
2.0 0.135937 0.658594 0.070312 0.141406
7.0 0.813281 0.539844 0.080469 0.123438
1.0 0.157031 0.543750 0.071094 0.146875
1.0 0.348437 0.326562 0.060938 0.141406
0.0 0.261719 0.427344 0.061719 0.126563
6.0 0.528125 0.453125 0.053906 0.110937
0.0 0.439844 0.780469 0.062500 0.118750
3.0 0.349219 0.779688 0.069531 0.143750
6.0 0.746875 0.776563 0.055469 0.113281
