3.0 0.435156 0.339844 0.057812 0.135938
2.0 0.439844 0.430469 0.057812 0.148437
1.0 0.453125 0.646094 0.062500 0.160937
4.0 0.342969 0.146875 0.073437 0.190625
5.0 0.164844 0.302344 0.085938 0.214062
9.0 0.271094 0.069531 0.057812 0.123438
7.0 0.243750 0.643750 0.078125 0.168750
0.0 0.274219 0.164844 0.054688 0.110937
0.0 0.259375 0.336719 0.059375 0.114063
0.0 0.353906 0.560156 0.060938 0.117188
11.0 0.770312 0.296094 0.087500 0.204687
6.0 0.682031 0.340625 0.048438 0.106250
6.0 0.603906 0.535156 0.057813 0.123438
6.0 0.542188 0.666406 0.062500 0.126563
