9.0 0.589063 0.064844 0.053906 0.110937
9.0 0.841406 0.729688 0.073437 0.139063
11.0 0.784375 0.366406 0.089062 0.198438
10.0 0.596094 0.293750 0.067969 0.171094
6.0 0.665625 0.142188 0.045313 0.105469
6.0 0.677344 0.228125 0.042969 0.106250
6.0 0.698438 0.403125 0.050781 0.103906
6.0 0.707812 0.507813 0.049219 0.106250
6.0 0.514063 0.300781 0.048437 0.102344
6.0 0.518750 0.066406 0.045313 0.103125
7.0 0.590625 0.130469 0.046875 0.130469
7.0 0.441406 0.395312 0.062500 0.141406
2.0 0.254687 0.745313 0.066406 0.139063
2.0 0.157813 0.489062 0.067187 0.138281
3.0 0.204688 0.054688 0.062500 0.109375
5.0 0.171875 0.364844 0.076562 0.202344
4.0 0.359375 0.296875 0.076563 0.167969
1.0 0.364062 0.192187 0.052344 0.135937
1.0 0.165625 0.600781 0.073438 0.142187
0.0 0.435937 0.303906 0.044531 0.104688
0.0 0.282813 0.057031 0.049219 0.104687
0.0 0.286719 0.215625 0.051562 0.109375
0.0 0.261719 0.615625 0.065625 0.114844
0.0 0.446094 0.732813 0.063281 0.116406
