2.0 0.427607 0.591639 0.081802 0.148505
1.0 0.419509 0.172028 0.074347 0.139767
4.0 0.399257 0.269237 0.084531 0.182661
5.0 0.199369 0.313367 0.114090 0.211578
3.0 0.217131 0.698950 0.091173 0.146331
3.0 0.282355 0.035551 0.079719 0.071101
1.0 0.154591 0.547467 0.096446 0.155452
0.0 0.473342 0.295119 0.063400 0.105731
0.0 0.407837 0.723782 0.079594 0.121925
0.0 0.247684 0.573367 0.076125 0.119096
0.0 0.336910 0.187495 0.066237 0.118188
0.0 0.360688 0.041620 0.066874 0.083240
7.0 0.460032 0.383986 0.092847 0.151854
9.0 0.791419 0.788860 0.103256 0.160338
11.0 0.810637 0.414228 0.111783 0.215685
10.0 0.632074 0.312216 0.087226 0.180866
6.0 0.721331 0.176667 0.061993 0.110737
6.0 0.717789 0.259249 0.064692 0.113436
6.0 0.710308 0.436228 0.066108 0.117418
6.0 0.622760 0.528495 0.070477 0.121145
6.0 0.589902 0.077010 0.069061 0.117164
6.0 0.552062 0.307520 0.068295 0.121529
