10.0 0.656250 0.294531 0.125000 0.210938
7.0 0.475781 0.391406 0.110938 0.173438
2.0 0.414844 0.594531 0.110938 0.179688
4.0 0.426563 0.275781 0.115625 0.204687
1.0 0.153125 0.569531 0.118750 0.195313
5.0 0.313281 0.348438 0.132812 0.231250
3.0 0.340625 0.059375 0.090625 0.075000
3.0 0.195312 0.725000 0.121875 0.175000
0.0 0.236719 0.594531 0.092188 0.135937
0.0 0.374219 0.195312 0.085938 0.131250
0.0 0.416406 0.054688 0.082813 0.090625
0.0 0.496094 0.295312 0.073438 0.121875
0.0 0.384375 0.733594 0.096875 0.145313
6.0 0.640625 0.061719 0.081250 0.123438
6.0 0.747656 0.241406 0.085938 0.132812
6.0 0.755469 0.151562 0.079688 0.125000
6.0 0.573438 0.299219 0.084375 0.129688
6.0 0.615625 0.513281 0.090625 0.142187
6.0 0.717188 0.417969 0.084375 0.135938
11.0 0.816406 0.387500 0.139063 0.240625
9.0 0.759375 0.762500 0.121875 0.178125
