11.0 0.723437 0.635938 0.074219 0.196875
9.0 0.849219 0.779688 0.069531 0.135937
3.0 0.644531 0.771875 0.068750 0.135156
6.0 0.675000 0.254687 0.049219 0.101562
6.0 0.623438 0.543750 0.052344 0.100781
10.0 0.593750 0.323438 0.064062 0.171875
7.0 0.436719 0.435156 0.062500 0.139062
6.0 0.510156 0.338281 0.044531 0.100781
4.0 0.354688 0.332031 0.066406 0.169531
5.0 0.260156 0.417969 0.067969 0.195312
3.0 0.174219 0.250781 0.062500 0.125781
0.0 0.429688 0.339844 0.045313 0.099219
0.0 0.354688 0.182031 0.049219 0.107031
0.0 0.271875 0.089063 0.045313 0.102344
0.0 0.254687 0.669531 0.057031 0.117969
