9.0 0.853178 0.734642 0.092639 0.159411
11.0 0.807634 0.492785 0.108516 0.208186
10.0 0.587043 0.294424 0.081005 0.175401
6.0 0.662541 0.232301 0.059707 0.111661
6.0 0.694123 0.406046 0.064084 0.108682
6.0 0.623802 0.504930 0.066670 0.111099
6.0 0.498335 0.063644 0.045135 0.098747
6.0 0.506190 0.302610 0.059775 0.104654
7.0 0.436955 0.392923 0.077432 0.140247
1.0 0.489041 0.135320 0.066081 0.136000
2.0 0.448414 0.598377 0.073452 0.147132
5.0 0.259421 0.363792 0.095044 0.198422
4.0 0.350654 0.289410 0.077966 0.183872
1.0 0.355375 0.486179 0.077364 0.147254
3.0 0.182809 0.054034 0.063757 0.103849
0.0 0.259261 0.052488 0.057950 0.101980
0.0 0.268965 0.212503 0.060716 0.106241
0.0 0.426249 0.299100 0.055386 0.099845
0.0 0.458387 0.735120 0.071444 0.112027
0.0 0.268495 0.610580 0.069017 0.111172
3.0 0.267860 0.739363 0.092299 0.140711
