1.0 0.234375 0.789062 0.078125 0.146875
1.0 0.350781 0.321875 0.060937 0.137500
3.0 0.195312 0.089844 0.062500 0.123437
5.0 0.157813 0.408594 0.084375 0.207812
2.0 0.185938 0.148438 0.062500 0.146875
2.0 0.353125 0.422656 0.065625 0.142188
4.0 0.342969 0.148438 0.067188 0.171875
0.0 0.411719 0.085156 0.054688 0.104688
0.0 0.412500 0.246094 0.053125 0.110938
0.0 0.270312 0.166406 0.050000 0.120313
0.0 0.257031 0.340625 0.051563 0.112500
0.0 0.258594 0.434375 0.060938 0.109375
0.0 0.248438 0.666406 0.059375 0.110938
8.0 0.594531 0.157031 0.054688 0.148438
8.0 0.360156 0.535937 0.064063 0.150000
7.0 0.635938 0.655469 0.068750 0.154687
7.0 0.596094 0.333594 0.060937 0.151562
10.0 0.521094 0.426562 0.067188 0.187500
11.0 0.767969 0.295312 0.079688 0.200000
9.0 0.788281 0.432031 0.067188 0.135937
9.0 0.572656 0.082812 0.057813 0.128125
6.0 0.488281 0.171094 0.045313 0.101562
6.0 0.514062 0.263281 0.050000 0.104687
6.0 0.742188 0.783594 0.062500 0.117188
6.0 0.682813 0.342187 0.050000 0.106250
6.0 0.607813 0.537500 0.053125 0.112500
6.0 0.542969 0.667188 0.057813 0.118750
