7.0 0.461719 0.389062 0.057031 0.132812
9.0 0.853125 0.742969 0.071875 0.142187
11.0 0.737500 0.596094 0.082031 0.200000
10.0 0.614062 0.291406 0.063281 0.172656
6.0 0.695312 0.225781 0.048437 0.110156
6.0 0.638281 0.504687 0.056250 0.112500
6.0 0.534375 0.296875 0.051563 0.103906
6.0 0.550781 0.414844 0.051563 0.118750
1.0 0.529688 0.127344 0.052344 0.142188
4.0 0.383594 0.282813 0.064062 0.180469
5.0 0.289062 0.357812 0.073438 0.199219
0.0 0.453906 0.292969 0.046094 0.103906
0.0 0.307031 0.048437 0.048437 0.096875
0.0 0.307031 0.204687 0.051562 0.107031
0.0 0.277344 0.600000 0.053125 0.122656
3.0 0.227344 0.046094 0.060937 0.091406
3.0 0.656250 0.723437 0.067969 0.140625
