11.0 0.751885 0.303011 0.093607 0.202215
7.0 0.582109 0.339070 0.066570 0.144994
7.0 0.462108 0.779192 0.078708 0.160711
9.0 0.537247 0.080268 0.066151 0.129376
9.0 0.517556 0.433783 0.071559 0.138790
6.0 0.763791 0.783271 0.071981 0.123959
6.0 0.670691 0.343713 0.060805 0.110593
6.0 0.610873 0.540744 0.058941 0.116824
6.0 0.554729 0.663633 0.067415 0.115333
6.0 0.497502 0.264193 0.061827 0.103575
6.0 0.466984 0.171810 0.058401 0.109792
8.0 0.571493 0.160190 0.063084 0.150430
8.0 0.356847 0.537062 0.079430 0.149786
4.0 0.319811 0.146378 0.071434 0.177826
1.0 0.260484 0.786878 0.085919 0.163113
1.0 0.335717 0.322960 0.070538 0.135658
2.0 0.351630 0.428494 0.066871 0.138751
2.0 0.158332 0.148153 0.079672 0.142761
3.0 0.166332 0.089664 0.065551 0.121563
5.0 0.156801 0.402665 0.093727 0.203777
0.0 0.379133 0.085194 0.059182 0.109799
0.0 0.249436 0.165310 0.058822 0.105111
0.0 0.247674 0.335498 0.057020 0.101973
0.0 0.254394 0.433148 0.061646 0.111381
0.0 0.262001 0.664313 0.067475 0.116114
