3.0 0.642187 0.721094 0.071875 0.135156
9.0 0.839844 0.731250 0.076563 0.134375
11.0 0.721875 0.590625 0.082031 0.203125
10.0 0.599219 0.292188 0.060156 0.170313
6.0 0.698438 0.406250 0.049219 0.109375
6.0 0.675781 0.223438 0.044531 0.106250
6.0 0.624219 0.503906 0.051563 0.109375
6.0 0.519531 0.303125 0.052344 0.106250
4.0 0.363281 0.291406 0.059375 0.174219
5.0 0.267188 0.373437 0.074219 0.198438
2.0 0.442187 0.599219 0.063281 0.153125
3.0 0.208594 0.056250 0.057031 0.112500
7.0 0.439063 0.396094 0.060938 0.135938
1.0 0.507031 0.137500 0.054688 0.140625
1.0 0.354688 0.494531 0.057031 0.143750
0.0 0.435937 0.301562 0.048437 0.100000
0.0 0.285156 0.059375 0.048437 0.097656
0.0 0.287500 0.216406 0.046875 0.104688
0.0 0.264844 0.615625 0.056250 0.110156
