1.0 0.210715 0.659780 0.105205 0.201889
11.0 0.846875 0.332676 0.131003 0.243511
9.0 0.655562 0.071524 0.085564 0.143048
8.0 0.564579 0.222541 0.089991 0.173322
6.0 0.475939 0.156797 0.072427 0.125695
6.0 0.747406 0.372344 0.072615 0.135757
6.0 0.635962 0.582075 0.083064 0.151262
6.0 0.546189 0.723506 0.084071 0.149901
1.0 0.446734 0.690012 0.107194 0.197476
2.0 0.464731 0.436524 0.093358 0.188618
5.0 0.175917 0.263172 0.117497 0.245330
3.0 0.505311 0.060786 0.081708 0.121572
4.0 0.399323 0.114072 0.093141 0.204012
0.0 0.316769 0.126823 0.073282 0.128886
0.0 0.275534 0.316780 0.083967 0.134891
0.0 0.376066 0.315580 0.078962 0.139034
0.0 0.350969 0.574414 0.083658 0.157047
