0.0 0.239062 0.194531 0.050000 0.095312
6.0 0.664062 0.324219 0.053125 0.101562
11.0 0.746875 0.267969 0.093750 0.210937
6.0 0.485156 0.258594 0.051563 0.095313
0.0 0.227344 0.125781 0.064063 0.107813
6.0 0.539062 0.168750 0.059375 0.103125
8.0 0.696875 0.136719 0.068750 0.132812
4.0 0.245312 0.235937 0.084375 0.134375
0.0 0.253906 0.355469 0.070312 0.129687
6.0 0.611719 0.081250 0.051562 0.093750
0.0 0.386719 0.258594 0.057813 0.110938
5.0 0.151562 0.446094 0.090625 0.185937
2.0 0.153125 0.200781 0.081250 0.154688
7.0 0.496875 0.341406 0.075000 0.132812
3.0 0.151562 0.137500 0.081250 0.153125
0.0 0.440625 0.562500 0.071875 0.115625
7.0 0.581250 0.321094 0.071875 0.145312
10.0 0.699219 0.403125 0.089063 0.162500
6.0 0.564844 0.650781 0.067187 0.110938
0.0 0.267188 0.690625 0.062500 0.109375
9.0 0.673438 0.063281 0.062500 0.104688
6.0 0.603125 0.532031 0.065625 0.120312
9.0 0.876562 0.739062 0.087500 0.150000
2.0 0.154688 0.696094 0.084375 0.148438
7.0 0.814844 0.504687 0.092187 0.131250
1.0 0.163281 0.579688 0.085937 0.153125
1.0 0.329688 0.342969 0.075000 0.148438
0.0 0.254688 0.452344 0.075000 0.132813
6.0 0.521875 0.450000 0.065625 0.115625
0.0 0.470313 0.784375 0.075000 0.125000
3.0 0.379688 0.793750 0.084375 0.150000
6.0 0.774219 0.747656 0.067188 0.117188
