9.0 0.840786 0.802116 0.119981 0.159898
9.0 0.756729 0.086760 0.092624 0.129329
10.0 0.712817 0.420995 0.124725 0.194734
11.0 0.784777 0.308303 0.148132 0.223878
7.0 0.817801 0.557799 0.118121 0.158537
7.0 0.616016 0.343985 0.107901 0.156921
8.0 0.761737 0.163066 0.104231 0.156288
8.0 0.528825 0.330002 0.096890 0.155021
6.0 0.732403 0.800713 0.099833 0.136069
6.0 0.692531 0.349592 0.081975 0.120657
6.0 0.592471 0.176533 0.083934 0.126195
6.0 0.528075 0.084245 0.078765 0.117429
6.0 0.525052 0.260881 0.079605 0.119803
6.0 0.534998 0.447576 0.083325 0.122524
6.0 0.598857 0.550938 0.087144 0.129422
6.0 0.535955 0.672732 0.095243 0.140624
5.0 0.165770 0.389192 0.144462 0.223245
1.0 0.358975 0.322835 0.106090 0.157649
1.0 0.154840 0.532995 0.116031 0.158473
3.0 0.333048 0.775935 0.116460 0.165529
3.0 0.217975 0.085490 0.089331 0.113603
2.0 0.200279 0.134619 0.105449 0.163628
2.0 0.132381 0.653325 0.112000 0.164610
4.0 0.286964 0.208031 0.126996 0.191412
0.0 0.287992 0.154173 0.078585 0.120815
0.0 0.267029 0.325296 0.080905 0.119581
0.0 0.433467 0.076290 0.080675 0.120879
0.0 0.428726 0.239378 0.084675 0.124391
0.0 0.260462 0.428065 0.086715 0.122367
0.0 0.236546 0.660098 0.092624 0.129329
0.0 0.433669 0.790485 0.095933 0.136733
0.0 0.426737 0.557943 0.089234 0.129486
